4 145.0000000000 0.117635191600 0.110304808700 21.21894212880 82.45556156480 3.885941205900 20.30308151250 6.166715189900 162.5109272172 
0 2000.000000000 0.106988683100 0.105417886800 520.2226492052 40087.92098376 77.05916119760 204.0903472900 478.5172231615 2088.648870169 
1 423.0000000000 0.219562419900 0.261799387800 172.3712410230 6108.106296524 35.43576213920 79.05635070800 153.1729028745 558.2745153280 
5 1084.247037221 0.073478361500 0.000000000000 191.8979532327 2937.971544522 15.31007233290 66.56362915040 179.9836313497 1064.103827639 
3 327.0000000000 0.141022603600 0.084473935800 76.21286812770 1664.674076127 21.84242788680 43.22169113160 62.77170285670 379.2618386250 
4 185.0000000000 0.149749249800 0.085172067500 39.89140922450 361.7479803160 9.068317899700 26.86076164250 29.49277954030 210.1787188199 
5 1496.736054443 0.103847090500 0.082379540700 640.2759503982 11071.99779766 17.29254049100 108.2869186401 631.0524821080 1178.274277509 
3 236.0000000000 0.124616508600 0.201760061500 48.45112962850 236.8801114611 4.889052397300 36.00662231450 32.41967025910 244.9651545602 
1 389.8729777095 0.150098315700 0.097738438100 118.6258142706 2475.557077623 20.86862031540 49.75714874270 107.6861641614 429.3857878604 
3 339.5085476096 0.045378560600 0.030019663100 88.62980942620 331.0803904377 3.735542167800 19.82558059690 87.62118043540 307.7931936632 
2 144.0000000000 0.120602251300 0.046076692300 19.64766952290 70.42623880670 3.584457623600 18.13101387020 7.569493117000 160.3737702928 
2 301.3043992291 0.109781210000 0.035604716700 64.61619992610 942.7731906338 14.59035337440 29.04567718510 57.72003043550 335.7684587866 
2 196.8567141790 0.020071286400 0.090757121100 28.59312613470 82.05888852920 2.869881668200 7.968783378600 27.66151595310 200.7493364347 
3 260.2775210255 0.079063415100 0.032812189900 58.81761140770 277.2590342852 4.713877827600 17.86866950990 56.03768402270 248.6234122408 
3 196.3648643227 0.182910505600 0.142418867000 54.58308027700 843.2625274855 15.44915609760 34.14941406250 42.58086534650 239.9440727850 
3 281.3232629077 0.232303323400 0.437728576400 157.8841811867 5305.123206081 33.60135997290 46.38433456420 150.9168917359 398.8955488424 
0 2100.000000000 0.061959188400 -0.04537856000 390.4825067441 16640.72361934 42.61579797290 125.9004135132 380.6447034460 2073.028685363 
2 245.0000000000 0.189019158000 0.081681409000 62.90295509230 1235.983355889 19.64905073340 42.15201568600 46.69035542720 292.3762384463 
3 178.0000000000 0.170867733800 0.212930168700 41.54216675850 489.4405204763 11.78177641340 35.74779510500 21.16239331180 215.9059341715 
1 366.9423790985 0.280125344900 0.252025544000 172.7455537387 7064.815909055 40.89723733060 75.60432434080 155.3222849252 471.5881953798 
1 330.0000000000 0.226892802800 0.265290046300 121.1542006708 3163.239471994 26.10920178150 69.71736145020 99.08496400030 400.2257759827 
4 391.0000000000 0.058119464100 0.011170107200 35.78006134360 265.1497896321 7.410545976600 22.13147163390 28.11424448820 400.9948178256 
0 2350.000000000 0.081506876100 0.271573231600 515.2894771025 27758.64026109 53.86999248890 289.5690612793 426.2311599176 2457.676735625 
4 176.0000000000 0.089884456500 0.076794487100 20.58852410680 79.70542458310 3.871352029400 18.22649192810 9.575087854800 191.9928785117 
3 435.0931666481 0.076969020000 0.161268422900 123.5975375889 1342.277647580 10.86006787650 37.38472366330 117.8080379332 433.2023221434 
3 252.0000000000 0.106116018500 0.031415926500 38.54420952710 493.7904229154 12.81101439030 25.54114532470 28.86703965890 280.6582993500 
4 152.0000000000 0.165806278900 0.227590934500 34.21955040390 94.35432795800 2.757322257100 31.27927780150 13.87747772970 180.6095533186 
4 502.0000000000 0.065275314000 0.027925268000 53.23943299320 834.2727305445 15.67020314910 33.33114242550 41.51472223650 544.0394144713 
2 259.8851450408 0.070685834700 0.006981317000 58.24380727600 465.0872650386 7.985179657500 17.50683784480 56.34024079030 267.5174460284 
3 121.0000000000 0.174183859300 0.090757121100 24.43718040810 144.4665132032 5.911750488000 22.02108001710 10.59470820780 141.7661848939 
5 1647.939811158 0.080983277300 0.086568330900 576.7703763685 11852.48506342 20.54974656990 111.4359130859 565.9029104183 1402.877737475 
1 275.6773933601 0.153938040000 0.187797427500 91.52789333930 1756.234837388 19.18797399690 39.30518341060 82.65868215280 331.5883016673 
3 481.4671493322 0.078539816300 0.016057029100 79.05916155650 1154.338238559 14.60094207720 33.92913055420 71.40843919200 501.8933575844 
4 303.0000000000 0.063355451800 0.039793506900 22.56789270480 102.5003089897 4.541864423500 21.83084106450 5.720500628900 321.6468373620 
0 1600.000000000 0.071907565200 -0.06632251100 436.9436030304 12655.34213456 28.96333084360 103.7327041626 432.1297489466 1475.371533712 
2 160.3224525104 0.176976386200 0.163362818000 37.21712400050 341.8814622363 9.186133303400 30.88916397090 20.75991039800 187.5665182431 
2 200.0000000000 0.037699111800 0.117286125700 42.31667528750 220.8109066460 5.218058960100 10.67576408390 40.94788226850 218.0343130907 
1 485.6688054544 0.230208928300 0.134041286600 253.8936986073 8135.968359074 32.04478253580 64.85544586180 245.4705306437 541.3639750570 
0 2600.000000000 0.200538331100 0.208043246800 1063.441427472 174480.4762179 164.0715433031 418.6872863770 977.5523672434 2664.583623056 
4 197.0000000000 0.132645023200 0.074001960300 33.46065296760 409.6471412714 12.24265233760 26.99280738830 19.77381319040 231.7837876143 
0 1850.000000000 0.073303828600 0.225496539400 325.1915422642 8644.984236638 26.58428376230 208.7399749756 249.3534862595 1908.177238665 
0 1666.148785564 0.012391837700 0.058451473700 72.93105029430 1402.231664958 19.22681298710 51.85476684570 58.59576295100 1746.577503573 
0 2100.000000000 0.121649448900 0.377689250100 450.5516668163 35671.60628670 79.17317571760 436.0996398926 113.1985701121 2461.450496668 
5 691.9720314285 0.026005405900 0.086568330900 190.6766918987 304.2707181313 1.595741540800 23.97571754460 189.1633309024 594.3156255552 
0 2400.000000000 0.084124869900 0.220609617500 596.0419555114 37939.25557084 63.65198828710 261.3481750488 535.6894085687 2447.772353476 
4 216.4132572942 0.117809724500 0.068416906700 53.59960002090 280.4454864735 5.232230956300 22.79053497310 48.51297401460 215.3729200694 
5 650.0000000000 0.041015237400 0.145211393800 216.8113304443 427.5340678903 1.971917551600 33.76516342160 214.1659795454 528.6992332511 
2 341.6200131082 0.091978851600 0.074001960300 85.04302855580 1370.838067823 16.11934677190 29.02896881100 79.93519680700 385.1334598423 
0 1800.000000000 0.034208453300 0.042586033700 301.0603508989 4406.154331310 14.63545205520 67.62532806400 293.3669201065 1742.375701688 
0 1800.000000000 0.069115038400 0.157079632700 385.5647043490 13831.72488877 35.87393953010 157.5700073242 351.8974774277 1823.032364165 
1 500.0000000000 0.192684349400 0.194778744500 144.6885779146 3055.012963120 21.11440313500 96.56336975100 107.7511029790 542.8970888920 
3 310.0000000000 0.174707458100 0.165457213100 98.50996142290 2741.032044375 27.82492252340 49.32786178590 85.27000983800 388.9778083603 
5 649.3693973479 0.107512281900 0.018849555900 207.1116914337 3344.432677502 16.14796660850 50.54747009280 200.8487144650 623.9088141112 
3 195.0000000000 0.139102741400 0.205250720000 37.46219562310 328.3840516190 8.765744937200 35.02382659910 13.29465025870 232.5876276733 
5 1724.089894448 0.052708943400 -0.02094395100 404.1262083188 3053.966889836 7.556963213400 71.42758941650 399.1942440827 1489.386712407 
1 500.0000000000 0.227241868600 0.050963614200 219.2955022803 9819.449614233 44.77725038650 76.86849975590 207.2666404204 602.5278406267 
1 300.0000000000 0.190066355500 0.166853476500 97.10812951110 3039.561303020 31.30079137890 51.35397338870 82.41819202860 387.0782275399 
3 172.5157972533 0.127234502500 0.038397243500 37.54367322440 192.2181478854 5.119854595400 19.32208061220 32.18982081050 174.9337699538 
0 1850.000000000 0.079149162500 0.069470180400 253.6214550606 13113.20309483 51.70383984940 160.0654602051 196.7304979641 1916.985365089 
0 1949.118154675 0.051798310500 0.016500689000 170.3314948528 3212.077054674 18.85779877320 101.4558486938 136.8193285925 1941.367383186 
2 155.0000000000 0.172787595900 0.118682389100 38.94016840600 415.1116010235 10.66024154530 25.83650207520 29.13437617900 184.8170409368 
5 1461.750342433 0.040840704500 0.049567350800 391.8460234008 5574.002819966 14.22498248570 57.23147964480 387.6439908583 1428.839975513 
0 1800.000000000 0.091978851600 0.205250720000 362.8633212991 15021.55388832 41.39727827700 217.8339691162 290.2036402901 1893.663712393 
2 243.2939757359 0.039968039900 0.067020643300 68.54477771840 383.9284530426 5.601133533800 9.991348266600 67.81665571870 263.6407613080 
1 269.4959462918 0.207519648100 0.038397243500 80.41108548180 1963.605248098 24.41958389610 44.74015426640 66.83830931740 329.0906470766 
4 470.5164201366 0.127409035400 0.066322511600 150.2240222783 2657.910367488 17.69297830790 47.56063079830 142.4964679752 491.4724884651 
1 551.8792873985 0.232477856400 0.063529984800 264.8049354300 11888.39182691 44.89490276160 77.79329681400 253.7852997781 656.7694494025 
5 770.0000000000 0.041628330400 0.002434550100 175.0196843412 346.0913114677 1.977442210400 25.22233009340 173.1927365629 654.7984187661 
1 390.0000000000 0.358316095400 0.203854456600 245.6861030662 10055.83687254 40.92961200100 70.32478332520 236.4901696665 477.5483599605 
2 355.0000000000 0.064053583500 0.084473935800 89.55846345470 1033.854245068 11.54390333630 27.56266212460 86.57656109350 372.0399565985 
0 2800.000000000 0.083077672400 0.184306769000 583.2592574834 31388.65288222 53.81595316230 298.5829772949 501.0384943822 2896.582483303 
2 352.6564467782 0.121998514700 0.090757121100 68.52784638670 1066.157846339 15.55802352700 43.69192504880 52.79281667020 382.7331865355 
1 380.0000000000 0.240855436800 0.286233997300 137.6401108553 5402.171180401 39.24852389930 88.75844573970 105.1985680477 493.7018135024 
2 211.0000000000 0.053930673900 0.094247779600 30.75344345830 151.9845775553 4.942034467200 14.26837444310 27.24312366000 217.1307040276 
3 250.0000000000 0.047123889800 0.013962634000 70.90704002070 224.1457873421 3.161121762800 9.102175712600 70.32040044900 232.2776288185 
