1 30 64 01
1 30 62 03
1 30 65 00
1 31 59 02
1 31 65 04
1 33 58 10
1 33 60 00
2 34 59 00
2 34 66 09
1 34 58 30
1 34 60 01
1 34 61 10
1 34 67 07
1 34 60 00
1 35 64 13
1 35 63 00
1 36 60 01
1 36 69 00
1 37 60 00
1 37 63 00
1 37 58 00
1 37 59 06
1 37 60 15
1 37 63 00
2 38 69 21
1 38 59 02
1 38 60 00
1 38 60 00
1 38 62 03
1 38 64 01
1 38 66 00
1 38 66 11
1 38 60 01
1 38 67 05
2 39 66 00
1 39 63 00
1 39 67 00
1 39 58 00
1 39 59 02
1 39 63 04
1 40 58 02
1 40 58 00
1 40 65 00
2 41 60 23
2 41 64 00
2 41 67 00
1 41 58 00
1 41 59 08
1 41 59 00
1 41 64 00
1 41 69 08
1 41 65 00
1 41 65 00
2 42 69 01
2 42 59 00
1 42 58 00
1 42 60 01
1 42 59 02
1 42 61 04
1 42 62 20
1 42 65 00
1 42 63 01
2 43 58 52
2 43 59 02
2 43 64 00
2 43 64 00
1 43 63 14
1 43 64 02
1 43 64 03
1 43 60 00
1 43 63 02
1 43 65 00
1 43 66 04
2 44 64 06
2 44 58 09
2 44 63 19
1 44 61 00
1 44 63 01
1 44 61 00
1 44 67 16
2 45 65 06
2 45 66 00
2 45 67 01
1 45 60 00
1 45 67 00
1 45 59 14
1 45 64 00
1 45 68 00
1 45 67 01
2 46 58 02
2 46 69 03
2 46 62 05
2 46 65 20
1 46 62 00
1 46 58 03
1 46 63 00
2 47 63 23
2 47 62 00
2 47 65 00
1 47 61 00
1 47 63 06
1 47 66 00
1 47 67 00
1 47 58 03
1 47 60 04
1 47 68 04
1 47 66 12
2 48 58 11
2 48 58 11
2 48 67 07
1 48 61 08
1 48 62 02
1 48 64 00
1 48 66 00
2 49 63 00
2 49 64 10
1 49 61 01
1 49 62 00
1 49 66 00
1 49 60 01
1 49 62 01
1 49 63 03
1 49 61 00
1 49 67 01
2 50 63 13
2 50 64 00
1 50 59 00
1 50 61 06
1 50 61 00
1 50 63 01
1 50 58 01
1 50 59 02
1 50 61 00
1 50 64 00
1 50 65 04
1 50 66 01
2 51 59 13
2 51 59 03
1 51 64 07
1 51 59 01
1 51 65 00
1 51 66 01
2 52 69 03
2 52 59 02
2 52 62 03
2 52 66 04
1 52 61 00
1 52 63 04
1 52 69 00
1 52 60 04
1 52 60 05
1 52 62 00
1 52 62 01
1 52 64 00
1 52 65 00
1 52 68 00
2 53 58 04
2 53 65 01
2 53 59 03
2 53 60 09
2 53 63 24
2 53 65 12
1 53 58 01
1 53 60 01
1 53 60 02
1 53 61 01
1 53 63 00
2 54 60 11
2 54 65 23
2 54 65 05
2 54 68 07
1 54 59 07
1 54 60 03
1 54 66 00
1 54 67 46
1 54 62 00
1 54 69 07
1 54 63 19
1 54 58 01
1 54 62 00
2 55 63 06
2 55 68 15
1 55 58 01
1 55 58 00
1 55 58 01
1 55 66 18
1 55 66 00
1 55 69 03
1 55 69 22
1 55 67 01
2 56 65 09
2 56 66 03
1 56 60 00
1 56 66 02
1 56 66 01
1 56 67 00
1 56 60 00
2 57 61 05
2 57 62 14
2 57 64 01
1 57 64 09
1 57 69 00
1 57 61 00
1 57 62 00
1 57 63 00
1 57 64 00
1 57 64 00
1 57 67 00
1 58 59 00
1 58 60 03
1 58 61 01
1 58 67 00
1 58 58 00
1 58 58 03
1 58 61 02
2 59 62 35
1 59 60 00
1 59 63 00
1 59 64 01
1 59 64 04
1 59 64 00
1 59 64 07
1 59 67 03
2 60 59 17
2 60 65 00
1 60 61 01
1 60 67 02
1 60 61 25
1 60 64 00
2 61 62 05
2 61 65 00
2 61 68 01
1 61 59 00
1 61 59 00
1 61 64 00
1 61 65 08
1 61 68 00
1 61 59 00
2 62 59 13
2 62 58 00
2 62 65 19
1 62 62 06
1 62 66 00
1 62 66 00
1 62 58 00
2 63 60 01
1 63 61 00
1 63 62 00
1 63 63 00
1 63 63 00
1 63 66 00
1 63 61 09
1 63 61 28
1 64 58 00
1 64 65 22
1 64 66 00
1 64 61 00
1 64 68 00
2 65 58 00
2 65 61 02
2 65 62 22
2 65 66 15
1 65 58 00
1 65 64 00
1 65 67 00
1 65 59 02
1 65 64 00
1 65 67 01
2 66 58 00
2 66 61 13
1 66 58 00
1 66 58 01
1 66 68 00
2 67 64 08
2 67 63 01
1 67 66 00
1 67 66 00
1 67 61 00
1 67 65 00
1 68 67 00
1 68 68 00
2 69 67 08
1 69 60 00
1 69 65 00
1 69 66 00
2 70 58 00
2 70 58 04
1 70 66 14
1 70 67 00
1 70 68 00
1 70 59 08
1 70 63 00
1 71 68 02
2 72 63 00
1 72 58 00
1 72 64 00
1 72 67 03
1 73 62 00
1 73 68 00
2 74 65 03
1 74 63 00
1 75 62 01
1 76 67 00
1 77 65 03
2 78 65 01
2 83 58 02