1 0065 0001 00.7 00.1 0187 0016 0018 06.8 03.3 00.9
1 0062 0000 10.9 05.5 0699 0064 0100 07.5 03.2 0.74
1 0062 0000 07.3 04.1 0490 0060 0068 0007 03.3 0.89
1 0058 0000 0001 00.4 0182 0014 0020 06.8 03.4 0001
1 0072 0000 03.9 0002 0195 0027 0059 07.3 02.4 00.4
1 0046 0000 01.8 00.7 0208 0019 0014 07.6 04.4 01.3
1 0026 0001 00.9 00.2 0154 0016 0012 0007 03.5 0001
1 0029 0001 00.9 00.3 0202 0014 0011 06.7 03.6 01.1
2 0017 0000 00.9 00.3 0202 0022 0019 07.4 04.1 01.2
1 0055 0000 00.7 00.2 0290 0053 0058 06.8 03.4 0001
1 0057 0000 00.6 00.1 0210 0051 0059 05.9 02.7 00.8
1 0072 0000 02.7 01.3 0260 0031 0056 07.4 0003 00.6
2 0064 0000 00.9 00.3 0310 0061 0058 0007 03.4 00.9
1 0074 0001 01.1 00.4 0214 0022 0030 08.1 04.1 0001
1 0061 0000 00.7 00.2 0145 0053 0041 05.8 02.7 0.87
2 0025 0000 00.6 00.1 0183 0091 0053 05.5 02.3 00.7
1 0038 0000 01.8 00.8 0342 0168 0441 07.6 04.4 01.3
2 0033 0000 01.6 00.5 0165 0015 0023 07.3 03.5 0.92
1 0040 0001 00.9 00.3 0293 0232 0245 06.8 03.1 00.8
1 0040 0001 00.9 00.3 0293 0232 0245 06.8 03.1 00.8
1 0051 0000 02.2 0001 0610 0017 0028 07.3 02.6 0.55
1 0051 0000 02.9 01.3 0482 0022 0034 0007 02.4 00.5
1 0062 0000 06.8 0003 0542 0116 0066 06.4 03.1 00.9
1 0040 0000 01.9 0001 0231 0016 0055 04.3 01.6 00.6
2 0063 0000 00.9 00.2 0194 0052 0045 0006 03.9 1.85
1 0034 0000 04.1 0002 0289 0875 0731 0005 02.7 01.1
1 0034 0000 04.1 0002 0289 0875 0731 0005 02.7 01.1
1 0034 0000 06.2 0003 0240 1680 0850 07.2 0004 01.2
2 0020 0000 01.1 00.5 0128 0020 0030 03.9 01.9 0.95
2 0084 0001 00.7 00.2 0188 0013 0021 0006 03.2 01.1
1 0057 0000 0004 01.9 0190 0045 0111 05.2 01.5 00.4
1 0052 0000 00.9 00.2 0156 0035 0044 04.9 02.9 01.4
2 0057 0000 0001 00.3 0187 0019 0023 05.2 02.9 01.2
2 0038 0001 02.6 01.2 0410 0059 0057 05.6 0003 00.8
2 0038 0001 02.6 01.2 0410 0059 0057 05.6 0003 00.8
1 0030 0000 01.3 00.4 0482 0102 0080 06.9 03.3 00.9
2 0017 0001 00.7 00.2 0145 0018 0036 07.2 03.9 1.18
1 0046 0001 14.2 07.8 0374 0038 0077 04.3 0002 00.8
1 0048 0000 01.4 00.6 0263 0038 0066 05.8 02.2 0.61
1 0047 0000 02.7 01.3 0275 0123 0073 06.2 03.3 01.1
1 0045 0000 02.4 01.1 0168 0033 0050 05.1 02.6 0001
2 0062 0000 00.6 00.1 0160 0042 0110 04.9 02.6 01.1
2 0042 0000 06.8 03.2 0630 0025 0047 06.1 02.3 00.6
1 0050 0000 02.6 01.2 0415 0407 0576 06.4 03.2 0001
2 0085 0001 0001 00.3 0208 0017 0015 0007 03.6 0001
2 0035 0000 01.8 00.6 0275 0048 0178 06.5 03.2 00.9
1 0021 0000 03.9 01.8 0150 0036 0027 06.8 03.9 1.34
1 0040 0000 01.1 00.3 0230 1630 0960 04.9 02.8 01.3
1 0032 0001 00.6 00.1 0176 0039 0028 0006 0003 0001
1 0055 0000 18.4 08.8 0206 0064 0178 06.2 01.8 00.4
1 0045 0001 00.7 00.2 0170 0021 0014 05.7 02.5 00.7
1 0034 0001 00.6 00.1 0161 0015 0019 06.6 03.4 0001
1 0038 0000 03.1 01.6 0253 0080 0406 06.8 03.9 01.3
1 0038 0000 01.1 00.3 0198 0086 0150 06.3 03.5 01.2
1 0042 0000 08.9 04.5 0272 0031 0061 05.8 0002 00.5
1 0042 0000 08.9 04.5 0272 0031 0061 05.8 0002 00.5
2 0033 0000 00.8 00.2 0198 0026 0023 0008 0004 0001
2 0048 0001 00.9 00.2 0175 0024 0054 05.5 02.7 00.9
1 0051 0000 00.8 00.2 0367 0042 0018 05.2 0002 00.6
2 0064 0000 01.1 00.5 0145 0020 0024 05.5 03.2 1.39
1 0031 0001 00.8 00.2 0158 0021 0016 0006 0003 0001
1 0058 0000 0001 00.5 0158 0037 0043 07.2 03.6 0001
1 0058 0000 0001 00.5 0158 0037 0043 07.2 03.6 0001
1 0057 0000 00.7 00.2 0208 0035 0097 05.1 02.1 00.7
1 0057 0000 01.3 00.4 0259 0040 0086 06.5 02.5 00.6
1 0057 0000 01.4 00.7 0470 0062 0088 05.6 02.5 00.8
1 0054 0000 02.2 01.2 0195 0055 0095 0006 03.7 01.6
1 0037 0000 01.8 00.8 0215 0053 0058 06.4 03.8 01.4
1 0066 0000 00.7 00.2 0239 0027 0026 06.3 03.7 01.4
2 0060 0000 00.8 00.2 0215 0024 0017 06.3 0003 00.9
1 0019 0001 00.7 00.2 0186 0166 0397 05.5 0003 01.2
1 0075 0001 00.8 00.2 0188 0020 0029 04.4 01.8 00.6
1 0075 0001 00.8 00.2 0205 0027 0024 04.4 0002 00.8
1 0052 0000 00.6 00.1 0171 0022 0016 06.6 03.6 01.2
1 0068 0000 00.7 00.1 0145 0020 0022 05.8 02.9 0001
2 0029 0001 00.7 00.1 0162 0052 0041 05.2 02.5 00.9
1 0031 0000 00.9 00.2 0518 0189 0017 05.3 02.3 00.7
1 0068 0001 00.6 00.1 1620 0095 0127 04.6 02.1 00.8
2 0070 0000 01.4 00.6 0146 0012 0024 06.2 03.8 1.58
1 0058 0001 02.8 01.3 0670 0048 0079 04.7 01.6 00.5
1 0058 0001 02.4 01.1 0915 0060 0142 04.7 01.8 00.6
1 0029 0000 0001 00.3 0075 0025 0026 05.1 02.9 01.3
2 0049 0000 00.7 00.1 0148 0014 0012 05.4 02.8 0001
1 0033 0000 0002 0001 0258 0194 0152 05.4 0003 1.25
1 0032 0000 00.6 00.1 0237 0045 0031 07.5 04.3 1.34
1 0014 0000 01.4 00.5 0269 0058 0045 06.7 03.9 01.4
2 0013 0000 00.6 00.1 0320 0028 0056 07.2 03.6 0001
1 0058 0000 00.8 00.2 0298 0033 0059 06.2 03.1 0001
1 0018 0000 00.6 00.2 0538 0033 0034 07.5 03.2 00.7
1 0060 0000 0004 01.9 0238 0119 0350 07.1 03.3 00.8
1 0060 0000 05.7 02.8 0214 0412 0850 07.3 03.2 0.78
1 0060 0000 06.8 03.2 0308 0404 0794 06.8 0003 00.7
1 0060 0000 08.6 0004 0298 0412 0850 07.4 0003 00.6
1 0060 0000 05.8 02.7 0204 0220 0400 0007 0003 00.7
1 0060 0000 05.2 02.4 0168 0126 0202 06.8 02.9 00.7
1 0075 0000 00.9 00.2 0282 0025 0023 04.4 02.2 0001
1 0039 0000 03.8 01.5 0298 0102 0630 07.1 03.3 00.8
1 0039 0000 06.6 0003 0215 0190 0950 0004 01.7 00.7
1 0018 0000 00.6 00.1 0265 0097 0161 05.9 03.1 01.1
1 0018 0000 00.7 00.1 0312 0308 0405 06.9 03.7 01.1
2 0027 0000 00.6 00.2 0161 0027 0028 03.7 01.6 0.76
2 0027 0000 00.7 00.2 0243 0021 0023 05.3 02.3 00.7
1 0017 0000 00.9 00.2 0224 0036 0045 06.9 04.2 1.55
2 0055 0001 00.8 00.2 0225 0014 0023 06.1 03.3 01.2
1 0063 0000 00.5 00.1 0170 0021 0028 05.5 02.5 00.8
2 0036 0000 05.3 02.3 0145 0032 0092 05.1 02.6 0001
2 0036 0000 05.3 02.3 0145 0032 0092 05.1 02.6 0001
2 0036 0000 00.8 00.2 0158 0029 0039 0006 02.2 00.5
2 0036 0000 00.8 00.2 0158 0029 0039 0006 02.2 00.5
2 0036 0000 00.9 00.1 0486 0025 0034 05.9 02.8 00.9
2 0024 0001 00.7 00.2 0188 0011 0010 05.5 02.3 0.71
1 0048 0000 03.2 01.6 0257 0033 0116 05.7 02.2 0.62
2 0027 0000 01.2 00.4 0179 0063 0039 06.1 03.3 01.1
1 0074 0000 00.6 00.1 0272 0024 0098 0005 0002 00.6
2 0050 0000 05.8 0003 0661 0181 0285 05.7 02.3 0.67
2 0050 0000 07.3 03.6 1580 0088 0064 05.6 02.3 00.6
1 0048 0000 00.7 00.1 1630 0074 0149 05.3 0002 00.6
1 0032 0000 12.7 06.2 0194 2000 2946 05.7 03.3 01.3
1 0032 0000 15.9 0007 0280 1350 1600 05.6 02.8 0001
1 0032 0000 0018 08.2 0298 1250 1050 05.4 02.6 00.9
1 0032 0000 0023 11.3 0300 0482 0275 07.1 03.5 00.9
1 0032 0000 22.7 10.2 0290 0322 0113 06.6 02.8 00.7
2 0058 0000 01.7 00.8 0188 0060 0084 05.9 03.5 01.4
1 0064 0001 00.8 00.2 0178 0017 0018 06.3 03.1 00.9
2 0028 0000 00.6 00.1 0177 0036 0029 06.9 04.1 01.4
2 0060 0000 01.8 00.5 0201 0045 0025 03.9 01.7 00.7
1 0048 0000 05.8 02.5 0802 0133 0088 0006 02.8 00.8
1 0064 0000 0003 01.4 0248 0046 0040 06.5 03.2 00.9
1 0058 0001 01.7 00.8 1896 0061 0083 0008 03.9 0.95
1 0045 0000 02.8 01.7 0263 0057 0065 05.1 02.3 00.8
1 0045 0000 03.2 01.4 0512 0050 0058 0006 02.7 00.8
2 0070 0001 00.7 00.2 0237 0018 0028 05.8 02.5 0.75
2 0018 0001 00.8 00.2 0199 0034 0031 06.5 03.5 1.16
1 0053 0000 00.9 00.4 0238 0017 0014 06.6 02.9 00.8
1 0018 0000 01.8 00.7 0178 0035 0036 06.8 03.6 01.1
1 0066 0000 11.3 05.6 1110 1250 4929 0007 02.4 00.5
1 0046 0001 04.7 02.2 0310 0062 0090 06.4 02.5 00.6
1 0018 0000 00.8 00.2 0282 0072 0140 05.5 02.5 00.8
1 0018 0000 00.8 00.2 0282 0072 0140 05.5 02.5 00.8
1 0015 0000 00.8 00.2 0380 0025 0066 06.1 03.7 01.5
2 0060 0000 00.6 00.1 0186 0020 0021 06.2 03.3 01.1
1 0066 0001 04.2 02.1 0159 0015 0030 07.1 02.2 00.4
1 0030 0000 01.6 00.4 0332 0084 0139 05.6 02.7 00.9
1 0030 0000 01.6 00.4 0332 0084 0139 05.6 02.7 00.9
1 0045 0001 03.5 01.5 0189 0063 0087 05.6 02.9 0001
2 0065 0000 00.8 00.2 0201 0018 0022 05.4 02.9 01.1
1 0066 0001 02.9 01.3 0168 0021 0038 05.5 01.8 00.4
1 0065 0000 00.7 00.1 0392 0020 0030 05.3 02.8 01.1
1 0050 0000 00.9 00.2 0202 0020 0026 07.2 04.5 1.66
1 0060 0000 00.8 00.2 0286 0021 0027 07.1 0004 01.2
2 0056 0000 01.1 00.5 0180 0030 0042 06.9 03.8 01.2
1 0050 0000 01.6 00.8 0218 0018 0020 05.9 02.9 0.96
1 0046 0001 00.8 00.2 0182 0020 0040 0006 02.9 00.9
2 0052 0000 00.6 00.1 0178 0026 0027 06.5 03.6 01.2
1 0034 0000 05.9 02.5 0290 0045 0233 05.6 02.7 00.9
1 0034 0000 08.7 0004 0298 0058 0138 05.8 02.4 00.7
1 0032 0000 00.9 00.3 0462 0070 0082 06.2 03.1 0001
1 0072 0000 00.7 00.1 0196 0020 0035 05.8 0002 00.5
1 0072 0000 00.7 00.1 0196 0020 0035 05.8 0002 00.5
1 0050 0000 01.2 00.4 0282 0036 0032 07.2 03.9 01.1
1 0060 0000 0011 04.9 0750 0140 0350 05.5 02.1 00.6
1 0060 0000 11.5 0005 1050 0099 0187 06.2 02.8 00.8
1 0060 0000 05.8 02.7 0599 0043 0066 05.4 01.8 00.5
1 0039 0000 01.9 00.9 0180 0042 0062 07.4 04.3 1.38
1 0039 0000 01.9 00.9 0180 0042 0062 07.4 04.3 1.38
1 0048 0000 04.5 02.3 0282 0013 0074 0007 02.4 0.52
1 0055 0000 0075 03.6 0332 0040 0066 06.2 02.5 00.6
1 0047 0001 0003 01.5 0292 0064 0067 05.6 01.8 0.47
1 0060 0000 22.8 12.6 0962 0053 0041 06.9 03.3 00.9
1 0060 0000 08.9 0004 0950 0033 0032 06.8 03.1 00.8
1 0072 0000 01.7 00.8 0200 0028 0037 06.2 0003 0.93
1 0044 0001 01.9 00.6 0298 0378 0602 06.6 03.3 0001
1 0055 0000 14.1 07.6 0750 0035 0063 0005 01.6 0.47
1 0031 0000 00.6 00.1 0175 0048 0034 0006 03.7 01.6
1 0031 0000 00.6 00.1 0175 0048 0034 0006 03.7 01.6
1 0031 0000 00.8 00.2 0198 0043 0031 07.3 0004 01.2
1 0055 0000 00.8 00.2 0482 0112 0099 05.7 02.6 00.8
1 0075 0000 14.8 0009 1020 0071 0042 05.3 02.2 00.7
1 0075 0000 10.6 0005 0562 0037 0029 05.1 01.8 00.5
1 0075 0000 0008 04.6 0386 0030 0025 05.5 01.8 0.48
1 0075 0000 02.8 01.3 0250 0023 0029 02.7 00.9 00.5
1 0075 0000 02.9 01.3 0218 0033 0037 0003 01.5 0001
2 0065 0000 01.9 00.8 0170 0036 0043 03.8 01.4 0.58
1 0040 0000 00.6 00.1 0171 0020 0017 05.4 02.5 00.8
1 0064 0000 01.1 00.4 0201 0018 0019 06.9 04.1 01.4
2 0038 0000 01.5 00.4 0298 0060 0103 0006 0003 0001
1 0060 0000 03.2 01.8 0750 0079 0145 07.8 03.2 0.69
1 0060 0000 02.1 0001 0191 0114 0247 0004 01.6 00.6
1 0060 0000 01.9 00.8 0614 0042 0038 04.5 01.8 00.6
2 0048 0001 00.8 00.2 0218 0032 0028 05.2 02.5 00.9
1 0060 0000 06.3 03.2 0314 0118 0114 06.6 03.7 1.27
1 0060 0000 05.8 0003 0257 0107 0104 06.6 03.5 1.12
1 0060 0000 02.3 00.6 0272 0079 0051 06.6 03.5 01.1
2 0049 0000 01.3 00.4 0206 0030 0025 0006 03.1 1.06
2 0049 0000 0002 00.6 0209 0048 0032 05.7 0003 01.1
1 0060 0000 02.4 0001 1124 0030 0054 05.2 01.9 00.5
1 0060 0000 0002 01.1 0664 0052 0104 0006 02.1 0.53
1 0026 0001 00.6 00.2 0142 0012 0032 05.7 02.4 0.75
2 0041 0000 00.9 00.2 0169 0022 0018 06.1 0003 00.9
1 0007 0001 27.2 11.8 1420 0790 1050 06.1 0002 00.4
1 0049 0000 00.6 00.1 0218 0050 0053 0005 02.4 00.9
1 0049 0000 00.6 00.1 0218 0050 0053 0005 02.4 00.9
2 0038 0001 00.8 00.2 0145 0019 0023 06.1 03.1 1.03
2 0021 0000 0001 00.3 0142 0027 0021 06.4 03.5 01.2
2 0021 0000 00.7 00.2 0135 0027 0026 06.4 03.3 0001
1 0045 0000 02.5 01.2 0163 0028 0022 07.6 0004 01.1
1 0040 0000 03.6 01.8 0285 0050 0060 0007 02.9 00.7
1 0040 0000 03.9 01.7 0350 0950 1500 06.7 03.8 01.3
1 0070 0001 00.9 00.3 0220 0053 0095 06.1 02.8 0.68
1 0045 0001 00.9 00.3 0189 0023 0033 06.6 03.9 0001
1 0028 0000 00.8 00.3 0190 0020 0014 04.1 02.4 01.4
1 0042 0000 02.7 01.3 0219 0060 0180 0007 03.2 00.8
2 0022 0000 02.7 0001 0160 0082 0127 05.5 03.1 01.2
1 0008 0001 00.9 00.2 0401 0025 0058 07.5 03.4 00.8
1 0038 0000 01.7 0001 0180 0018 0034 07.2 03.6 0001
2 0066 0000 00.6 00.2 0100 0017 0148 0005 03.3 01.9
2 0055 0000 00.9 00.2 0116 0036 0016 06.2 03.2 0001
1 0049 0000 01.1 00.5 0159 0030 0031 0007 04.3 01.5
2 0006 0000 00.6 00.1 0289 0038 0030 04.8 0002 00.7
1 0037 0000 00.8 00.2 0125 0041 0039 06.4 03.4 01.1
1 0037 0000 00.8 00.2 0147 0027 0046 0005 02.5 0001
1 0047 0000 00.9 00.2 0192 0038 0024 07.3 04.3 01.4
1 0047 0000 00.9 00.2 0265 0040 0028 0008 0004 0001
2 0050 0000 01.1 00.3 0175 0020 0019 07.1 04.5 01.7
1 0070 0000 01.7 00.5 0400 0056 0044 05.7 03.1 01.1
1 0026 0000 00.6 00.2 0120 0045 0051 07.9 0004 0001
1 0026 0000 01.3 00.4 0173 0038 0062 0008 0004 0001
1 0068 0001 00.7 00.2 0186 0018 0015 06.4 03.8 01.4
2 0065 0001 0001 00.3 0202 0026 0013 05.3 02.6 00.9
1 0046 0000 00.6 00.2 0290 0026 0021 0006 0003 0001
2 0061 0000 01.5 00.6 0196 0061 0085 06.7 03.8 01.3
1 0061 0000 00.8 00.1 0282 0085 0231 08.5 04.3 0001
1 0050 0000 02.7 01.6 0157 0149 0156 07.9 03.1 00.6
1 0033 0000 0002 01.4 2110 0048 0089 06.2 0003 00.9
1 0040 0001 00.9 00.2 0285 0032 0027 07.7 03.5 00.8
1 0060 0000 01.5 00.6 0360 0230 0298 04.5 0002 00.8
2 0022 0000 00.8 00.2 0300 0057 0040 07.9 03.8 00.9
1 0035 0001 00.9 00.3 0158 0020 0016 0008 0004 0001
2 0035 0001 00.9 00.2 0190 0040 0035 07.3 04.7 01.8
1 0040 0000 00.9 00.3 0196 0069 0048 06.8 03.1 00.8
2 0048 0000 00.7 00.2 0165 0032 0030 0008 0004 0001
1 0051 0000 00.8 00.2 0230 0024 0046 06.5 03.1 0000
1 0029 0001 00.8 00.2 0205 0030 0023 08.2 04.1 0001
1 0028 0001 00.9 00.2 0316 0025 0023 08.5 05.5 01.8
1 0054 0000 00.8 00.2 0218 0020 0019 06.3 02.5 00.6
1 0054 0000 00.9 00.2 0290 0015 0018 06.1 02.8 00.8
1 0055 0000 01.8 0009 0272 0022 0079 06.1 02.7 00.7
1 0055 0000 00.9 00.2 0190 0025 0028 05.9 02.7 00.8
1 0040 0000 00.7 00.1 0202 0037 0029 0005 02.6 0001
1 0033 0000 01.2 00.3 0498 0028 0025 0007 0003 00.7
1 0033 0000 02.1 01.3 0480 0038 0022 06.5 0003 00.8
1 0033 0000 00.9 00.8 0680 0037 0040 05.9 02.6 00.8
2 0065 0000 01.1 00.3 0258 0048 0040 0007 03.9 01.2
2 0035 0001 00.6 00.2 0180 0012 0015 05.2 02.7 0000
2 0038 0001 00.7 00.1 0152 0090 0021 07.1 04.2 01.4
1 0038 0000 01.7 00.7 0859 0089 0048 0006 0003 0001
1 0050 0000 00.9 00.3 0901 0023 0017 06.2 03.5 01.2
1 0044 0000 00.8 00.2 0335 0148 0086 05.6 0003 01.1
2 0036 0000 00.8 00.2 0182 0031 0034 06.4 03.8 01.4
1 0042 0000 30.5 14.2 0285 0065 0130 05.2 02.1 00.6
1 0042 0000 16.4 08.9 0245 0056 0087 05.4 0002 00.5
1 0033 0000 01.5 0007 0505 0205 0140 07.5 03.9 0001
1 0018 0000 00.8 00.2 0228 0055 0054 06.9 0004 01.3
1 0038 0001 00.8 00.2 0185 0025 0021 0007 0003 00.7
2 0038 0000 00.8 00.2 0247 0055 0092 07.4 04.3 1.38
2 0004 0000 00.9 00.2 0348 0030 0034 0008 0004 0001
1 0062 0000 01.2 00.4 0195 0038 0054 06.3 03.8 01.5
1 0043 0001 00.9 00.3 0140 0012 0029 07.4 03.5 01.8
1 0040 0000 14.5 06.4 0358 0050 0075 05.7 02.1 00.5
1 0026 0000 00.6 00.1 0110 0015 0020 02.8 01.6 01.3
1 0037 0000 00.7 00.2 0235 0096 0054 09.5 04.9 0001
2 0004 0000 00.8 00.2 0460 0152 0231 06.5 03.2 00.9
1 0021 0000 18.5 09.5 0380 0390 0500 08.2 04.1 0001
1 0030 0000 00.7 00.2 0262 0015 0018 09.6 04.7 01.2
1 0033 0000 01.8 00.8 0196 0025 0022 0008 0004 0001
2 0026 0000 01.9 00.8 0180 0022 0019 08.2 04.1 0001
2 0035 0000 00.9 00.2 0190 0025 0020 06.4 03.6 01.2
1 0060 0000 0002 00.8 0190 0045 0040 0006 02.8 00.8
1 0045 0000 02.2 00.8 0209 0025 0020 0008 0004 0001
1 0048 0001 0001 01.4 0144 0018 0014 08.3 04.2 0001
1 0058 0000 00.8 00.2 0123 0056 0048 0006 0003 0001
2 0050 0000 00.7 00.2 0192 0018 0015 07.4 04.2 01.3
1 0050 0000 00.7 00.2 0188 0012 0014 0007 03.4 00.9
2 0018 0000 01.3 00.7 0316 0010 0021 0006 02.1 00.5
1 0018 0000 00.9 00.3 0300 0030 0048 0008 0004 0001
1 0013 0000 01.5 00.5 0575 0029 0024 07.9 03.9 00.9
1 0034 0001 00.8 00.2 0192 0015 0012 08.6 04.7 01.2
2 0043 0000 01.3 00.6 0155 0015 0020 0008 0004 0001
1 0050 0001 0001 00.5 0239 0016 0039 07.5 03.7 00.9
1 0057 0000 04.5 02.3 0315 0120 0105 0007 0004 01.3
1 0045 0001 0001 00.3 0250 0048 0044 08.6 04.3 0001
2 0060 0000 00.7 00.2 0174 0032 0014 07.8 04.2 01.1
1 0045 0000 00.6 00.2 0245 0022 0024 07.1 03.4 00.9
2 0023 0000 01.1 00.5 0191 0037 0041 07.7 04.3 01.2
1 0022 0000 02.4 0001 0340 0025 0021 08.3 04.5 01.1
1 0022 0000 00.6 00.2 0202 0078 0041 0008 03.9 00.9
1 0074 0001 00.9 00.3 0234 0016 0019 07.9 0004 0001
2 0025 0001 00.9 00.3 0159 0024 0025 06.9 04.4 01.7
1 0031 0001 01.1 00.3 0190 0026 0015 07.9 03.8 00.9
2 0024 0001 00.9 00.2 0195 0040 0035 07.4 04.1 01.2
2 0058 0000 00.8 00.2 0180 0032 0025 08.2 04.4 01.1
1 0051 0001 00.9 00.2 0280 0021 0030 06.7 03.2 00.8
1 0050 0001 01.7 00.6 0430 0028 0032 06.8 03.5 0001
2 0050 0000 00.7 00.2 0206 0018 0017 08.4 04.2 0001
1 0055 0001 00.8 00.2 0155 0021 0017 06.9 03.8 01.4
2 0054 0001 01.4 00.7 0195 0036 0016 07.9 03.7 00.9
1 0048 0000 01.6 0001 0588 0074 0113 07.3 02.4 00.4
1 0030 0000 00.8 00.2 0174 0021 0047 04.6 02.3 0001
1 0045 0001 00.8 00.2 0165 0022 0018 08.2 04.1 0001
1 0048 0001 01.1 00.7 0527 0178 0250 0008 04.2 01.1
1 0051 0000 00.8 00.2 0175 0048 0022 08.1 04.6 01.3
1 0054 0001 23.2 12.6 0574 0043 0047 07.2 03.5 00.9
2 0027 0000 01.3 00.6 0106 0025 0054 08.5 04.8 00.9
2 0030 0001 00.8 00.2 0158 0025 0022 07.9 04.5 01.3
1 0026 0000 0002 00.9 0195 0024 0065 07.8 04.3 01.2
2 0022 0000 00.9 00.3 0179 0018 0021 06.7 03.7 01.2
2 0044 0000 00.9 00.2 0182 0029 0082 07.1 03.7 0001
1 0035 0000 00.7 00.2 0198 0042 0030 06.8 03.4 0001
1 0038 0000 03.7 02.2 0216 0179 0232 07.8 04.5 01.3
2 0014 0000 00.9 00.3 0310 0021 0016 08.1 04.2 0001
1 0030 0001 00.7 00.2 0063 0031 0027 05.8 03.4 01.4
1 0030 0001 00.8 00.2 0198 0030 0058 05.2 02.8 01.1
1 0036 0000 01.7 00.5 0205 0036 0034 07.1 03.9 01.2
2 0012 0000 00.8 00.2 0302 0047 0067 06.7 03.5 01.1
1 0060 0000 02.6 01.2 0171 0042 0037 05.4 02.7 0001
2 0042 0000 00.8 00.2 0158 0027 0023 06.7 03.1 00.8
2 0036 0001 01.2 00.4 0358 0160 0090 08.3 04.4 01.1
2 0024 0000 03.3 01.6 0174 0011 0033 07.6 03.9 0001
2 0043 0000 00.8 00.2 0192 0029 0020 0006 02.9 00.9
2 0021 0000 00.7 00.2 0211 0014 0023 07.3 04.1 01.2
1 0026 0000 0002 00.9 0157 0054 0068 06.1 02.7 00.8
1 0026 0000 01.7 00.6 0210 0062 0056 05.4 02.2 00.6
1 0026 0000 07.1 03.3 0258 0080 0113 06.2 02.9 00.8
2 0036 0001 00.7 00.2 0152 0021 0025 05.9 03.1 01.1
1 0013 0001 00.7 00.2 0350 0017 0024 07.4 0004 01.1
1 0013 0001 00.7 00.1 0182 0024 0019 08.9 04.9 01.2
1 0075 0000 06.7 03.6 0458 0198 0143 06.2 03.2 0001
1 0075 0000 02.5 01.2 0375 0085 0068 06.4 02.9 00.8
1 0075 0000 01.8 00.8 0405 0079 0050 06.1 02.9 00.9
1 0075 0000 01.4 00.4 0215 0050 0030 05.9 02.6 00.7
1 0075 0000 00.9 00.2 0206 0044 0033 06.2 02.9 00.8
1 0036 0001 00.8 00.2 0650 0070 0138 06.6 03.1 00.8
2 0035 0000 00.8 00.2 0198 0036 0032 0007 0004 01.3
1 0070 0000 03.1 01.6 0198 0040 0028 05.6 0002 00.5
2 0037 0000 00.8 00.2 0195 0060 0040 08.2 0005 01.5
1 0060 0000 02.9 01.3 0230 0032 0044 05.6 0002 00.5
1 0046 0000 00.6 00.2 0115 0014 0011 06.9 03.4 00.9
1 0038 0000 00.7 00.2 0216 0349 0105 0007 03.5 0001
1 0070 0000 01.3 00.4 0358 0019 0014 06.1 02.8 00.8
2 0049 0001 00.8 00.2 0158 0019 0015 06.6 03.6 01.2
1 0037 0000 01.8 00.8 0145 0062 0058 05.7 02.9 0001
1 0037 0000 01.3 00.4 0195 0041 0038 05.3 02.1 00.6
1 0026 0001 00.7 00.2 0144 0036 0033 08.2 04.3 01.1
1 0048 0001 01.4 00.8 0621 0110 0176 07.2 03.9 01.1
1 0048 0001 00.8 00.2 0150 0025 0023 07.5 03.9 0001
2 0019 0000 01.4 00.8 0178 0013 0026 0008 04.6 01.3
1 0033 0000 00.7 00.2 0256 0021 0030 08.5 03.9 00.8
1 0033 0000 02.1 00.7 0205 0050 0038 06.8 0003 00.7
1 0037 0000 00.7 00.2 0176 0028 0034 05.6 02.6 00.8
2 0069 0001 00.8 00.2 0146 0042 0070 08.4 04.9 01.4
1 0024 0000 00.7 00.2 0218 0047 0026 06.6 03.3 0001
2 0065 0001 00.7 00.2 0182 0023 0028 06.8 02.9 00.7
2 0055 0000 01.1 00.3 0215 0021 0015 06.2 02.9 00.8
2 0042 0001 00.9 00.2 0165 0026 0029 08.5 04.4 0001
2 0021 0000 00.8 00.2 0183 0033 0057 06.8 03.5 0001
2 0040 0000 00.7 00.2 0176 0028 0043 05.3 02.4 00.8
2 0016 0000 00.7 00.2 0418 0028 0035 07.2 04.1 01.3
2 0060 0000 02.2 0001 0271 0045 0052 06.1 02.9 00.9
1 0042 0001 00.8 00.2 0182 0022 0020 07.2 03.9 01.1
1 0058 0001 00.8 00.2 0130 0024 0025 0007 0004 01.3
1 0054 0001 22.6 11.4 0558 0030 0037 07.8 03.4 00.8
2 0033 0000 00.8 00.2 0135 0030 0029 07.2 04.4 01.5
1 0048 0000 00.7 00.2 0326 0029 0017 08.7 05.5 01.7
2 0025 0001 00.7 00.1 0140 0032 0025 07.6 04.3 01.3
2 0056 0001 00.7 00.1 0145 0026 0023 0007 0004 01.3
1 0047 0000 03.5 01.6 0206 0032 0031 06.8 03.4 0001
1 0033 0000 00.7 00.1 0168 0035 0033 0007 03.7 01.1
2 0020 0001 00.6 00.2 0202 0012 0013 06.1 0003 00.9
1 0050 0001 00.7 00.1 0192 0020 0041 07.3 03.3 00.8
2 0072 0000 00.7 00.2 0185 0016 0022 07.3 03.7 0001
1 0050 0000 01.7 00.8 0331 0036 0053 07.3 03.4 00.9
1 0039 0000 00.6 00.2 0188 0028 0043 08.1 03.3 00.6
1 0058 0001 00.7 00.1 0172 0027 0022 06.7 03.2 00.9
2 0060 0001 01.4 00.7 0159 0010 0012 04.9 02.5 0001
1 0034 0000 03.7 02.1 0490 0115 0091 06.5 02.8 00.7
1 0050 0000 00.8 00.2 0152 0029 0030 07.4 04.1 01.3
2 0038 0000 02.7 01.4 0105 0025 0021 07.5 04.2 01.2
1 0051 0000 00.8 00.2 0160 0034 0020 06.9 03.7 01.1
1 0046 0000 00.8 00.2 0160 0031 0040 07.3 03.8 01.1
1 0072 0000 00.6 00.1 0102 0031 0035 06.3 03.2 0001
1 0072 0000 00.8 00.2 0148 0023 0035 0006 0003 0001
1 0075 0000 00.9 00.2 0162 0025 0020 06.9 03.7 01.1
1 0041 0000 07.5 04.3 0149 0094 0092 06.3 03.1 00.9
1 0041 0000 02.7 01.3 0580 0142 0068 0008 0004 0001
1 0048 0001 0001 00.3 0310 0037 0056 05.9 02.5 00.7
2 0045 0000 00.8 00.2 0140 0024 0020 06.3 03.2 0001
1 0074 0000 0001 00.3 0175 0030 0032 06.4 03.4 01.1
1 0078 0000 0001 00.3 0152 0028 0070 06.3 03.1 00.9
1 0038 0000 00.8 00.2 0208 0025 0050 07.1 03.7 0001
1 0027 0000 0001 00.2 0205 0137 0145 0006 0003 0001
2 0066 0001 00.7 00.2 0162 0024 0020 06.4 03.2 0001
1 0050 0000 07.3 03.7 0092 0044 0236 06.8 01.6 00.3
1 0042 0001 00.5 00.1 0162 0155 0108 08.1 0004 00.9
2 0065 0000 00.7 00.2 0199 0019 0022 06.3 03.6 01.3
1 0022 0000 00.8 00.2 0198 0020 0026 06.8 03.9 01.3
1 0031 0001 00.8 00.2 0215 0015 0021 07.6 0004 01.1
2 0045 0000 00.7 00.2 0180 0018 0058 06.7 03.7 01.2
1 0012 0000 0001 00.2 0719 0157 0108 07.2 03.7 0001
1 0048 0000 02.4 01.1 0554 0141 0073 07.5 03.6 00.9
1 0048 0000 0005 02.6 0555 0284 0190 06.5 03.3 0001
1 0018 0000 01.4 00.6 0215 0440 0850 0005 01.9 00.6
2 0023 0001 02.3 00.8 0509 0028 0044 06.9 02.9 00.7
1 0065 0000 04.9 02.7 0190 0033 0071 07.1 02.9 00.7
2 0048 0000 00.7 00.2 0208 0015 0030 04.6 02.1 00.8
2 0065 0000 01.4 00.6 0260 0028 0024 05.2 02.2 00.7
1 0070 0000 01.3 00.3 0690 0093 0040 03.6 02.7 00.7
1 0070 0000 00.6 00.1 0862 0076 0180 06.3 02.7 0.75
2 0011 0000 00.7 00.1 0592 0026 0029 07.1 04.2 01.4
1 0050 0000 04.2 02.3 0450 0069 0050 0007 0003 00.7
1 0055 0001 08.2 03.9 1350 0052 0065 06.7 02.9 00.7
1 0055 0001 10.9 05.1 1350 0048 0057 06.4 02.3 00.5
2 0026 0000 0001 00.3 0163 0048 0071 07.1 03.7 0001
1 0041 0000 01.2 00.5 0246 0034 0042 06.9 03.4 0.97
2 0053 0000 01.6 00.9 0178 0044 0059 06.5 03.9 01.5
1 0032 0001 00.7 00.1 0240 0012 0015 0007 0003 00.7
1 0058 0000 00.4 00.1 0100 0059 0126 04.3 02.5 01.4
2 0045 0000 01.3 00.6 0166 0049 0042 05.6 02.5 00.8
1 0065 0000 00.9 00.2 0170 0033 0066 0007 0003 0.75
2 0052 0001 00.6 00.1 0194 0010 0012 06.9 03.3 00.9
1 0073 0000 01.9 00.7 1750 0102 0141 05.5 0002 00.5
1 0053 0001 00.7 00.1 0182 0020 0033 04.8 01.9 00.6
2 0047 0001 00.8 00.2 0236 0010 0013 06.7 02.9 0.76
1 0029 0000 00.7 00.2 0165 0055 0087 07.5 04.6 1.58
2 0041 0001 00.9 00.2 0201 0031 0024 07.6 03.8 0001
2 0030 0001 00.7 00.2 0194 0032 0036 07.5 03.6 0.92
2 0017 0001 00.5 00.1 0206 0028 0021 07.1 04.5 01.7
1 0023 0000 0001 00.3 0212 0041 0080 06.2 03.1 0001
1 0035 0000 01.6 00.7 0157 0015 0044 05.2 02.5 00.9
1 0065 0000 00.8 00.2 0162 0030 0090 03.8 01.4 00.5
1 0042 0001 00.8 00.2 0168 0025 0018 06.2 03.1 0001
1 0049 0001 00.8 00.2 0198 0023 0020 0007 04.3 01.5
1 0042 0001 02.3 01.1 0292 0029 0039 04.1 01.8 00.7
1 0042 0001 07.4 03.6 0298 0052 0102 04.6 01.9 00.7
1 0042 0001 00.7 00.2 0152 0035 0081 06.2 03.2 1.06
2 0061 0000 00.8 00.2 0163 0018 0019 06.3 02.8 00.8
2 0017 0000 00.9 00.2 0279 0040 0046 07.3 0004 01.2
1 0054 0000 00.8 00.2 0181 0035 0020 05.5 02.7 0.96
1 0045 0001 23.3 12.8 1550 0425 0511 07.7 03.5 00.8
1 0048 0001 00.8 00.2 0142 0026 0025 0006 02.6 00.7
1 0048 0001 00.9 00.2 0173 0026 0027 06.2 03.1 0001
1 0065 0000 07.9 04.3 0282 0050 0072 0006 0003 0001
1 0035 0000 00.8 00.2 0279 0020 0025 07.2 03.2 00.8
1 0058 0000 00.9 00.2 1100 0025 0036 07.1 03.5 00.9
1 0046 0000 00.7 00.2 0224 0040 0023 07.1 0003 00.7
2 0028 0000 00.6 00.2 0159 0015 0016 0007 03.5 0001
1 0021 0001 00.6 00.1 0186 0025 0022 06.8 03.4 0001
2 0032 0000 00.7 00.2 0189 0022 0043 07.4 03.1 00.7
2 0061 0000 00.8 00.2 0192 0028 0035 06.9 03.4 00.9
1 0026 0000 06.8 03.2 0140 0037 0019 03.6 00.9 00.3
1 0065 0000 01.1 00.5 0686 0016 0046 05.7 01.5 0.35
1 0022 0001 02.2 0001 0215 0159 0051 05.5 02.5 00.8
1 0028 0001 00.8 00.2 0309 0055 0023 06.8 04.1 1.51
1 0038 0000 00.7 00.2 0110 0022 0018 06.4 02.5 0.64
1 0025 0000 00.8 00.1 0130 0023 0042 0008 0004 0001
2 0045 0001 00.7 00.2 0164 0021 0053 04.5 01.4 0.45
2 0045 0001 00.6 00.1 0270 0023 0042 05.1 0002 00.5
2 0028 0001 00.6 00.1 0137 0022 0016 04.9 01.9 00.6
2 0028 0001 0001 00.3 0090 0018 0108 06.8 03.1 00.8
1 0066 0000 0001 00.3 0190 0030 0054 05.3 02.1 00.6
1 0066 0000 00.8 00.2 0165 0022 0032 04.4 0002 00.8
1 0066 0000 01.1 00.5 0167 0013 0056 07.1 04.1 1.36
2 0049 0001 00.6 00.1 0185 0017 0026 06.6 02.9 00.7
2 0042 0000 00.7 00.2 0197 0064 0033 05.8 02.4 00.7
2 0042 0000 0001 00.3 0154 0038 0021 06.8 03.9 01.3
2 0035 0000 0002 01.1 0226 0033 0135 0006 02.7 00.8
2 0038 0000 02.2 0001 0310 0119 0042 07.9 04.1 0001
1 0038 0000 00.9 00.3 0310 0015 0025 05.5 02.7 0001
1 0055 0000 00.6 00.2 0220 0024 0032 05.1 02.4 0.88
1 0033 0000 07.1 03.7 0196 0622 0497 06.9 03.6 1.09
1 0033 0000 03.4 01.6 0186 0779 0844 07.3 03.2 00.7
2 0007 0000 00.5 00.1 0352 0028 0051 07.9 04.2 01.1
1 0045 0000 02.3 01.3 0282 0132 0368 07.3 0004 01.2
1 0045 0000 01.1 00.4 0092 0091 0188 07.2 03.8 1.11
2 0030 0000 00.8 00.2 0182 0046 0057 07.8 04.3 01.2
1 0062 0000 0005 02.1 0103 0018 0040 0005 02.1 1.72
1 0022 0001 06.7 03.2 0850 0154 0248 06.2 02.8 00.8
1 0042 0001 00.8 00.2 0195 0018 0015 06.7 0003 00.8
1 0032 0000 00.7 00.2 0276 0102 0190 0006 02.9 0.93
2 0060 0000 00.7 00.2 0171 0031 0026 0007 03.5 0001
2 0065 0000 00.8 00.1 0146 0017 0029 05.9 03.2 1.18
1 0053 0001 00.8 00.2 0193 0096 0057 06.7 03.6 1.16
2 0027 0000 0001 00.3 0180 0056 0111 06.8 03.9 1.85
1 0035 0001 0001 00.3 0805 0133 0103 07.9 03.3 00.7
2 0065 0000 00.7 00.2 0265 0030 0028 05.2 01.8 0.52
1 0025 0000 00.7 00.2 0185 0196 0401 06.5 03.9 01.5
2 0032 0000 00.7 00.2 0165 0031 0029 06.1 0003 0.96
1 0024 0000 0001 00.2 0189 0052 0031 0008 04.8 01.5
1 0067 0000 02.2 01.1 0198 0042 0039 07.2 0003 00.7
1 0068 0000 01.8 00.5 0151 0018 0022 06.5 0004 01.6
1 0055 0000 03.6 01.6 0349 0040 0070 07.2 02.9 00.6
1 0070 0000 02.7 01.2 0365 0062 0055 0006 02.4 00.6
1 0036 0000 02.8 01.5 0305 0028 0076 05.9 02.5 00.7
1 0042 0000 00.8 00.2 0127 0029 0030 04.9 02.7 01.2
1 0053 0000 19.8 10.4 0238 0039 0221 08.1 02.5 00.4
1 0032 0000 30.5 17.1 0218 0039 0079 05.5 02.7 00.9
1 0032 0000 32.6 14.1 0219 0095 0235 05.8 03.1 01.1
1 0056 0000 17.7 08.8 0239 0043 0185 05.6 02.4 00.7
1 0050 0000 00.9 00.3 0194 0190 0073 07.5 03.9 0001
1 0046 0000 18.4 08.5 0450 0119 0230 07.5 03.3 00.7
1 0046 0000 0020 0010 0254 0140 0540 05.4 0003 01.2
2 0037 0001 00.8 00.2 0205 0031 0036 09.2 04.6 0001
1 0045 0000 02.2 01.6 0320 0037 0048 06.8 03.4 0001
2 0056 0000 0001 00.3 0195 0022 0028 05.8 02.6 00.8
1 0069 0000 00.9 00.2 0215 0032 0024 06.9 0003 00.7
1 0049 0000 0001 00.3 0230 0048 0058 08.4 04.2 0001
1 0049 0000 03.9 02.1 0189 0065 0181 06.9 0003 00.7
1 0060 0000 00.9 00.3 0168 0016 0024 06.7 0003 00.8
1 0028 0000 00.9 00.2 0215 0050 0028 0008 0004 0001
1 0045 0000 02.9 01.4 0210 0074 0068 07.2 03.6 0001
1 0035 0000 26.3 12.1 0108 0168 0630 09.2 0002 00.3
1 0062 0000 01.8 00.9 0224 0069 0155 08.6 0004 00.8
1 0055 0000 04.4 02.9 0230 0014 0025 07.1 02.1 00.4
1 0046 0001 00.8 00.2 0185 0024 0015 07.9 03.7 00.8
1 0050 0000 00.6 00.2 0137 0015 0016 04.8 02.6 01.1
2 0029 0000 00.8 00.2 0156 0012 0015 06.8 03.7 01.1
2 0053 0001 00.9 00.2 0210 0035 0032 0008 03.9 00.9
1 0046 0000 09.4 05.2 0268 0021 0063 06.4 02.8 00.8
1 0040 0000 03.5 01.6 0298 0068 0200 07.1 03.4 00.9
1 0045 0000 01.7 00.8 0315 0012 0038 06.3 02.1 00.5
1 0055 0000 03.3 01.5 0214 0054 0152 05.1 01.8 00.5
2 0022 0001 01.1 00.3 0138 0014 0021 0007 03.8 01.1
1 0040 0000 30.8 18.3 0285 0110 0186 07.9 02.7 00.5
2 0062 0000 00.7 00.2 0162 0012 0017 08.2 03.2 00.6
1 0046 0001 01.4 00.4 0298 0509 0623 03.6 0001 00.3
2 0039 0000 01.6 00.8 0230 0088 0074 0008 0004 0001
1 0060 0000 19.6 09.5 0466 0046 0052 06.1 0002 00.4
1 0046 0000 15.8 07.2 0227 0067 0220 06.9 02.6 00.6
1 0010 0001 00.8 00.1 0395 0025 0075 07.6 03.6 00.9
1 0052 0000 01.8 00.8 0097 0085 0078 06.4 02.7 00.7
2 0065 0001 00.7 00.2 0406 0024 0045 07.2 03.5 00.9
2 0042 0000 00.8 00.2 0114 0021 0023 0007 0003 00.7
2 0042 0000 00.8 00.2 0198 0029 0019 06.6 0003 00.8
2 0062 0000 00.7 00.2 0173 0046 0047 07.3 04.1 01.2
1 0040 0000 01.2 00.6 0204 0023 0027 07.6 0004 01.1
1 0054 0001 05.5 03.2 0350 0067 0042 0007 03.2 00.8
2 0045 0001 00.7 00.2 0153 0041 0042 04.5 02.2 00.9
1 0045 0000 20.2 11.7 0188 0047 0032 05.4 02.3 00.7
1 0050 0001 27.7 10.8 0380 0039 0348 07.1 02.3 00.4
1 0042 0000 11.1 06.1 0214 0060 0186 06.9 02.8 02.8
1 0040 0001 02.1 0001 0768 0074 0141 07.8 04.9 01.6
1 0046 0000 03.3 01.5 0172 0025 0041 05.6 02.4 00.7
2 0029 0000 01.2 00.4 0160 0020 0022 06.2 0003 00.9
1 0045 0000 00.6 00.1 0196 0029 0030 05.8 02.9 0001
1 0046 0000 10.2 04.2 0232 0058 0140 0007 02.7 00.6
1 0073 0000 01.8 00.9 0220 0020 0043 06.5 0003 00.8
1 0055 0000 00.8 00.2 0290 0139 0087 0007 0003 00.7
1 0051 0000 00.7 00.1 0180 0025 0027 06.1 03.1 0001
1 0051 0000 02.9 01.2 0189 0080 0125 06.2 03.1 0001
1 0051 0000 0004 02.5 0275 0382 0330 07.5 0004 01.1
1 0026 0000 42.8 19.7 0390 0075 0138 07.5 02.6 00.5
1 0066 0000 15.2 07.7 0356 0321 0562 06.5 02.2 00.4
1 0066 0000 16.6 07.6 0315 0233 0384 06.9 0002 00.4
1 0066 0000 17.3 08.5 0388 0173 0367 07.8 02.6 00.5
1 0064 0000 01.4 00.5 0298 0031 0083 07.2 02.6 00.5
2 0038 0001 00.6 00.1 0165 0022 0034 05.9 02.9 00.9
1 0043 0000 22.5 11.8 0143 0022 0143 06.6 02.1 0.46
2 0050 0001 0001 00.3 0191 0022 0031 07.8 0004 0001
1 0052 0000 02.7 01.4 0251 0020 0040 0006 01.7 0.39
1 0020 0001 16.7 08.4 0200 0091 0101 06.9 03.5 1.02
1 0016 0000 07.7 04.1 0268 0213 0168 07.1 0004 01.2
1 0016 0000 02.6 01.2 0236 0131 0090 05.4 02.6 00.9
1 0090 0000 01.1 00.3 0215 0046 0134 06.9 0003 00.7
1 0032 0000 15.6 09.5 0134 0054 0125 05.6 0004 02.5
1 0032 0000 03.7 01.6 0612 0050 0088 06.2 01.9 00.4
1 0032 0000 12.1 0006 0515 0048 0092 06.6 02.4 00.5
1 0032 0000 0025 13.7 0560 0041 0088 07.9 02.5 02.5
1 0032 0000 0015 08.2 0289 0058 0080 05.3 02.2 00.7
1 0032 0000 12.7 08.4 0190 0028 0047 05.4 02.6 00.9
2 0060 0000 00.5 00.1 0500 0020 0034 05.9 01.6 0.37
1 0040 0000 00.6 00.1 0098 0035 0031 0006 03.2 01.1
1 0052 0000 00.8 00.2 0245 0048 0049 06.4 03.2 0001
1 0031 0000 01.3 00.5 0184 0029 0032 06.8 03.4 0001
2 0038 0000 0001 00.3 0216 0021 0024 07.3 04.4 01.5