1 1.00000 0.00000 0.92277 0.07804 0.92679 0.16251 0.89702 0.24618 0.84111 0.35197 0.78801 0.42196 0.70716 0.46983 0.70796 0.56476 0.60459 0.64200 0.51247 0.64924 0.39903 0.66975 0.34232 0.68343 0.23693 0.76146 0.18765 0.73885 0.09694 0.71038 0.02735 0.77072 -0.0402 0.69509 
1 1.00000 0.00000 0.74449 -0.0239 0.70772 0.03309 0.72243 0.16912 0.79228 0.07721 0.81434 0.43934 0.63787 0.00551 0.70772 0.21691 1.00000 0.06066 0.61029 0.05147 0.67463 0.04228 0.52022 -0.2500 0.72978 -0.1580 0.61727 0.07124 0.30882 0.08640 0.55916 0.07458 0.60294 0.21691 
0 0.00000 0.00000 -1.0000 1.00000 -1.0000 -1.0000 0.00000 0.00000 -1.0000 1.00000 1.00000 -1.0000 -1.0000 -1.0000 -1.0000 1.00000 0.00000 0.00000 -1.0000 -1.0000 -1.0000 1.00000 0.00000 0.00000 1.00000 -1.0000 1.00000 1.00000 1.00000 -1.0000 1.00000 1.00000 0.00000 0.00000 
1 1.00000 0.00000 0.88241 0.30634 0.73232 0.57816 0.34109 0.58527 0.05717 1.00000 -0.0923 0.92118 -0.6240 0.71996 -0.6976 0.32558 -0.8142 0.41195 -1.0000 -0.0077 -0.7897 -0.4108 -0.7690 -0.4547 -0.5724 -0.6760 -0.3161 -0.8187 -0.0297 -0.8684 0.25392 -0.8212 0.00194 -0.8168 
0 1.00000 0.00000 1.00000 1.00000 1.00000 -1.0000 1.00000 -1.0000 1.00000 1.00000 1.00000 1.00000 1.00000 1.00000 1.00000 -1.0000 1.00000 1.00000 1.00000 1.00000 1.00000 1.00000 1.00000 1.00000 1.00000 1.00000 1.00000 0.50000 0.00000 0.00000 1.00000 -1.0000 1.00000 -1.0000 
0 1.00000 0.00000 0.41932 0.12482 0.35000 0.12500 0.23182 0.27955 -0.0363 0.44318 0.04517 0.36194 -0.1909 0.33636 -0.1335 0.27322 0.02727 0.40455 -0.3477 0.12727 -0.2002 0.05078 -0.1863 0.36364 -0.1400 -0.0480 -0.0997 -0.0711 -1.0000 -1.0000 -0.0291 -0.0746 -0.0052 -0.0631 
1 1.00000 0.00000 0.84713 -0.0339 0.86412 -0.0849 0.81953 0.00000 0.73673 -0.0764 0.71975 -0.1358 0.74947 -0.1167 0.77495 -0.1868 0.78132 -0.2123 0.61996 -0.1019 0.79193 -0.1571 0.89384 -0.0339 0.84926 -0.2611 0.74115 -0.2331 0.66242 -0.2229 0.72611 -0.3779 0.65817 -0.2484 
1 1.00000 0.00000 1.00000 0.24168 1.00000 0.48590 1.00000 0.72973 1.00000 1.00000 1.00000 1.00000 1.00000 1.00000 1.00000 0.77128 1.00000 1.00000 1.00000 1.00000 0.74468 1.00000 0.89647 1.00000 0.64628 1.00000 0.38255 1.00000 0.10819 1.00000 -0.1737 1.00000 -0.8138 1.00000 
0 1.00000 0.00000 0.63816 1.00000 0.20833 -1.0000 1.00000 1.00000 0.87719 0.30921 -0.6688 1.00000 -0.0592 0.58772 0.01754 0.05044 -0.5153 -1.0000 0.14254 -0.0328 0.32675 -0.4386 -1.0000 1.00000 0.80921 -1.0000 1.00000 -0.0614 1.00000 1.00000 0.20614 -1.0000 1.00000 1.00000 
1 1.00000 0.00000 0.86689 0.35950 0.72014 0.66667 0.37201 0.83049 0.08646 0.85893 -0.2411 0.86121 -0.5176 0.67577 -0.6871 0.41524 -0.7701 0.09898 -0.6939 -0.1365 -0.4948 -0.4220 -0.3253 -0.5767 -0.0284 -0.5995 0.15360 -0.5312 0.32309 -0.3708 0.46189 -0.1968 0.40956 0.01820 
1 1.00000 0.00000 0.98182 0.00000 0.88627 0.03131 0.86249 0.04572 0.80000 0.00000 0.69091 0.04545 0.79343 0.08436 0.77118 0.09579 0.62727 0.25455 0.68182 0.12727 0.70674 0.12608 0.68604 0.13493 0.74545 0.22727 0.64581 0.15088 0.67273 0.02727 0.60715 0.16465 0.58840 0.17077 
1 1.00000 0.00000 0.82254 -0.0757 0.80462 0.00231 0.87514 -0.0121 0.86821 -0.0751 0.72832 -0.1173 0.84624 0.05029 0.83121 -0.0739 0.74798 0.06705 0.78324 0.06358 0.86763 -0.0237 0.78844 -0.0601 0.74451 -0.0237 0.76717 -0.0273 0.74046 -0.0763 0.70058 -0.0422 0.78439 0.01214 
0 1.00000 0.00000 0.72727 -0.0500 0.89241 0.03462 1.00000 0.72727 0.66364 -0.0590 0.48182 -0.1681 0.81809 0.09559 0.56818 1.00000 0.50455 0.21818 0.66818 0.10000 1.00000 -0.3000 0.98636 -1.0000 0.57273 0.32727 0.56982 0.14673 0.42273 0.08182 0.48927 0.14643 1.00000 1.00000 
0 1.00000 0.00000 0.43636 -0.1272 0.58182 -0.1454 0.18182 -0.6727 0.34545 -0.0363 0.29091 -0.0545 0.29091 0.29091 0.36364 -0.4181 0.20000 -0.0181 0.36364 0.05455 0.12727 0.49091 0.61818 0.16364 0.32727 0.16364 0.41098 -0.0702 0.34545 -0.0545 0.12727 -0.3636 0.29091 -0.2909 
1 1.00000 0.00000 0.63510 -0.0438 0.76530 0.02968 0.61432 0.36028 0.65358 -0.0046 0.64203 0.08314 0.79446 -0.4341 0.72517 0.54965 0.59584 0.13857 0.63510 0.21940 0.63279 -0.2540 0.70951 0.15359 0.64665 0.23095 0.68775 0.17704 0.61663 0.07621 0.66316 0.19841 0.69053 0.36721 
1 1.00000 0.00000 0.88420 0.36724 0.67123 0.67382 0.39613 0.86399 0.02424 0.93182 -0.3514 0.83713 -0.6031 0.58842 -0.7865 0.38778 -0.8328 -0.0064 -0.6931 -0.3296 -0.5250 -0.5392 -0.2737 -0.6812 0.00806 -0.6977 0.26028 -0.6067 0.44569 -0.4338 0.54209 -0.2154 0.56286 0.02823 
0 1.00000 0.00000 -0.0186 -0.0845 0.00000 0.00000 0.00000 0.00000 0.11470 -0.2681 -0.4566 -0.3817 0.00000 0.00000 -0.3365 0.38602 -0.3713 0.15018 0.63728 0.22115 0.00000 0.00000 0.00000 0.00000 -0.1480 -0.0132 0.20645 -0.0229 0.00000 0.00000 0.16595 0.24086 -0.0820 0.38065 
1 1.00000 0.00000 0.99025 -0.0578 0.99793 -0.1300 0.98663 -0.1943 0.99374 -0.2584 0.92738 -0.3013 0.92651 -0.3796 0.89812 -0.4379 0.84922 -0.5206 0.87433 -0.5707 0.79016 -0.5983 0.74725 -0.6461 0.68282 -0.6847 0.65247 -0.7317 0.61010 -0.7535 0.54752 -0.8027 0.49195 -0.8324 
0 1.00000 0.00000 0.62121 -0.6363 0.00000 0.00000 0.00000 0.00000 0.34470 0.28788 0.42803 0.39394 -0.0757 0.51894 0.36364 0.31439 -0.5378 0.32955 0.12121 -0.1477 0.01894 -0.5340 -0.5757 0.17803 0.29167 -0.2727 0.25758 -0.5757 0.43182 0.24242 0.18182 -0.0227 0.17045 -0.4166 
0 1.00000 0.00000 1.00000 0.02461 0.99672 0.04861 0.97545 0.07143 0.61745 -1.0000 0.91036 0.11147 0.88462 0.53640 0.82077 0.14137 0.76929 0.15189 1.00000 0.41003 0.65850 0.16371 0.60138 0.16516 0.54446 0.16390 0.48867 0.16019 0.43481 0.15436 0.38352 0.14677 1.00000 1.00000 
1 1.00000 0.00000 1.00000 0.01709 0.96215 -0.0314 1.00000 -0.0343 1.00000 -0.0507 0.99026 -0.0709 0.99173 -0.0900 1.00000 -0.1572 1.00000 -0.1425 0.98310 -0.1181 1.00000 -0.1851 1.00000 -0.1927 0.98971 -0.2208 0.96490 -0.2024 0.94599 -0.1712 0.96436 -0.2256 0.87011 -0.2329 
0 1.00000 0.00000 0.91353 0.81586 -0.7297 1.00000 -0.3946 0.55735 0.05405 0.29730 -0.1859 -0.1024 -0.0315 -0.0897 0.01401 -0.0340 0.01108 -0.0053 0.00342 0.00097 0.00048 0.00075 -0.0000 0.00019 -0.0000 0.00002 -0.0000 0.00000 0.00000 0.00000 0.00000 0.00000 0.00000 0.00000 
1 1.00000 0.00000 0.94490 -0.4931 1.00000 -0.0369 0.98898 -0.8705 0.90083 0.66942 1.00000 -0.1010 1.00000 -0.1249 1.00000 -0.1501 1.00000 -0.1768 1.00000 -0.2049 1.00000 -0.2345 1.00000 -0.2657 1.00000 -0.2985 1.00000 -0.3330 1.00000 -0.3693 1.00000 -0.4074 1.00000 -0.4473 
0 1.00000 0.00000 0.08333 -0.2068 -1.0000 1.00000 -1.0000 1.00000 0.71875 0.47173 -0.8214 -0.6272 -1.0000 -1.0000 -1.0000 1.00000 -0.0275 0.59152 -0.4211 -0.4211 -0.7462 -1.0000 -1.0000 -0.4680 -1.0000 0.23810 1.00000 -1.0000 -1.0000 -0.3891 -1.0000 -1.0000 -1.0000 0.61458 
1 1.00000 0.00000 0.92247 -0.1944 0.96419 -0.1767 0.87024 -0.2260 0.81702 -0.2707 0.79271 -0.2890 0.70302 -0.4963 0.63338 -0.4996 0.37254 -0.7072 0.27070 -0.7210 0.40506 -0.5417 0.33509 -0.5969 0.14750 -0.6360 0.09312 -0.5958 -0.0716 -0.5492 -0.0184 -0.5407 -0.0745 -0.4789 
1 1.00000 0.00000 0.35346 -0.1376 0.69387 -0.0242 0.68195 -0.0357 0.55717 -0.0611 0.61836 -0.1046 0.62099 -0.0652 0.59361 -0.0728 0.42271 -0.2640 0.58213 0.04992 0.49736 -0.0877 0.46241 -0.0898 0.45008 -0.0056 0.39146 -0.0903 0.35588 -0.1030 0.32232 -0.0863 0.28943 -0.0830 
0 1.00000 0.00000 0.00000 0.00000 0.00000 0.00000 0.00000 0.00000 0.00000 0.00000 0.62195 1.00000 0.00000 0.00000 0.00000 0.00000 0.36585 -0.7195 0.56098 -1.0000 0.00000 0.00000 0.00000 0.00000 0.00000 0.00000 1.00000 0.10976 0.00000 0.00000 0.00000 0.00000 0.00000 0.00000 
0 0.00000 0.00000 -1.0000 1.00000 1.00000 -1.0000 0.00000 0.00000 0.00000 0.00000 1.00000 -1.0000 1.00000 1.00000 0.00000 0.00000 1.00000 -1.0000 0.00000 0.00000 0.00000 0.00000 1.00000 1.00000 -1.0000 1.00000 1.00000 -1.0000 -1.0000 1.00000 -1.0000 -1.0000 0.00000 0.00000 
1 1.00000 0.00000 0.64122 0.01403 0.34146 -0.0243 0.52751 0.03466 0.19512 0.12195 0.43313 0.04755 0.21951 0.04878 0.29268 0.00000 0.36585 0.00000 0.31707 0.07317 0.26829 0.12195 0.23698 0.05813 0.21951 0.09756 0.19304 0.05641 0.17410 0.05504 0.19512 0.00000 0.17073 0.07317 
1 1.00000 0.00000 0.59887 0.14689 0.69868 -0.1393 0.85122 -0.1393 0.80979 0.02448 0.50471 0.02825 0.67420 -0.0452 0.80791 -0.1374 0.51412 -0.2448 0.81544 -0.1431 0.70245 -0.0037 0.33333 0.06215 0.56121 -0.3314 0.61444 -0.1683 0.52731 -0.0207 0.53861 -0.3126 0.67420 -0.2203 
0 1.00000 0.00000 0.00000 0.00000 0.00000 0.00000 1.00000 1.00000 -1.0000 -1.0000 0.00000 0.00000 1.00000 -0.1111 0.00000 0.00000 0.00000 0.00000 -1.0000 1.00000 1.00000 1.00000 1.00000 -1.0000 0.00000 0.00000 1.00000 -1.0000 0.00000 0.00000 0.00000 0.00000 1.00000 1.00000 
0 0.00000 0.00000 1.00000 1.00000 1.00000 -1.0000 0.00000 0.00000 0.00000 0.00000 -1.0000 -1.0000 0.00000 0.00000 0.00000 0.00000 -1.0000 1.00000 1.00000 1.00000 -1.0000 1.00000 -1.0000 1.00000 1.00000 -1.0000 1.00000 1.00000 -1.0000 1.00000 1.00000 1.00000 0.00000 0.00000 
1 1.00000 0.00000 0.99539 -0.0588 0.85243 0.02306 0.83398 -0.3770 1.00000 0.03760 0.85243 -0.1775 0.59755 -0.4494 0.60536 -0.3822 0.84356 -0.3854 0.58212 -0.3219 0.56971 -0.2967 0.36946 -0.4735 0.56811 -0.5117 0.41078 -0.4616 0.21266 -0.3409 0.42267 -0.5448 0.18641 -0.4530 
0 1.00000 0.00000 1.00000 1.00000 -1.0000 1.00000 -1.0000 -0.8245 0.34649 0.21053 0.46053 0.07018 0.22807 0.05702 0.35088 0.34649 0.72807 -0.0394 0.22807 0.53070 0.00000 0.00000 -0.2982 -0.1622 1.00000 -0.6666 1.00000 -1.0000 1.00000 -0.2456 0.35088 0.20175 0.82895 0.07895 
1 1.00000 0.00000 0.95202 0.02254 0.93757 -0.0127 0.93526 0.01214 0.96705 -0.0173 0.96936 0.00520 0.95665 -0.0306 0.95260 -0.0040 0.99480 -0.0265 0.99769 0.01792 0.93584 -0.0497 0.93815 -0.0237 0.97052 -0.0445 0.96215 -0.0164 0.97399 0.01908 0.95434 -0.0341 0.95838 0.00809 
1 1.00000 0.00000 0.89835 0.35157 0.67333 0.62233 0.43898 0.94353 -0.0364 0.80510 -0.2283 0.75334 -0.2513 0.48816 -0.5737 0.28415 -0.6675 0.10591 -0.4735 -0.0619 -0.8105 -0.0601 -0.3319 -0.4759 -0.1289 -0.5362 0.07158 -0.5192 0.24321 -0.4347 0.36586 -0.3005 0.42805 0.13297 
0 1.00000 0.00000 0.39286 0.52381 -0.7882 0.11342 -0.1662 -0.7637 0.66667 0.01190 0.82143 0.40476 -0.6723 0.30729 -0.3479 -0.6366 0.46429 0.15476 0.54762 0.05952 -0.5183 0.44961 -0.4765 -0.4759 0.32143 0.70238 0.51971 0.38848 0.57143 0.39286 -0.5489 -0.2991 0.25441 -0.5583 
1 1.00000 0.00000 1.00000 -0.0373 1.00000 -0.0738 0.99601 -0.1103 0.99838 -0.0993 0.98941 -0.1381 0.96674 -0.2169 0.95288 -0.2509 0.91236 -0.3440 0.90581 -0.3215 0.89991 -0.3469 0.87874 -0.3764 0.86213 -0.4299 0.83172 -0.4312 0.81433 -0.4259 0.77919 -0.4797 0.75115 -0.5015 
1 1.00000 0.00000 1.00000 0.45455 1.00000 -0.4545 1.00000 0.09091 1.00000 -0.0909 1.00000 0.00000 1.00000 -0.2727 1.00000 -0.1818 1.00000 0.09091 1.00000 0.00000 1.00000 -0.3636 1.00000 0.09091 1.00000 -0.0909 1.00000 -0.0491 1.00000 0.45455 1.00000 -0.2727 1.00000 -0.1818 
0 1.00000 0.00000 0.68198 -0.1731 0.82332 0.21908 0.46643 0.32862 0.25795 0.58304 1.00000 -0.1519 0.01060 0.44523 0.01060 0.38869 0.18681 0.41168 0.10567 0.36353 0.04325 0.30745 -0.0008 0.24936 -0.0286 0.19405 -0.0431 0.14481 -0.0477 0.10349 -0.0458 0.07064 -0.0401 0.04586 
0 1.00000 0.00000 0.00000 0.00000 -1.0000 -1.0000 -1.0000 1.00000 0.00000 0.00000 -1.0000 1.00000 1.00000 1.00000 1.00000 -1.0000 0.00000 0.00000 0.00000 0.00000 -1.0000 -1.0000 -1.0000 1.00000 1.00000 0.43750 1.00000 -1.0000 0.00000 0.00000 -1.0000 -1.0000 -1.0000 1.00000 
1 1.00000 0.00000 1.00000 0.23058 1.00000 -0.7850 1.00000 -0.1040 1.00000 0.15414 1.00000 0.27820 0.98120 -0.0686 1.00000 0.06610 0.95802 -0.1895 0.83584 -0.1563 0.97400 0.03728 0.99624 0.09242 1.00000 -0.0125 0.96238 -0.0459 0.91165 0.03885 1.00000 -0.1372 0.96523 -0.1171 
1 1.00000 0.00000 0.94080 0.11933 0.85738 0.01038 0.85124 0.01546 0.76966 -0.0027 0.84459 0.10916 0.83289 0.03027 0.82680 0.03506 0.74838 0.01943 0.80019 0.02405 0.80862 0.04901 0.80259 0.05352 0.77336 0.02220 0.79058 0.06235 0.85939 0.09251 0.77863 0.07090 0.77269 0.07508 
1 1.00000 0.00000 0.83479 0.28993 0.69256 0.47702 0.49234 0.68381 0.21991 0.86761 -0.0809 0.85011 -0.3555 0.77681 -0.5273 0.58425 -0.7035 0.31291 -0.7582 0.03939 -0.7122 -0.1531 -0.5831 -0.3916 -0.3719 -0.5295 -0.1695 -0.6086 0.08425 -0.6148 0.25164 -0.4846 0.40591 -0.3533 
0 0.00000 0.00000 0.00000 0.00000 0.00000 0.00000 0.00000 0.00000 0.00000 0.00000 0.00000 0.00000 0.00000 0.00000 0.00000 0.00000 0.00000 0.00000 0.00000 0.00000 0.00000 0.00000 0.00000 0.00000 0.00000 0.00000 1.00000 -1.0000 0.00000 0.00000 0.00000 0.00000 0.00000 0.00000 
1 1.00000 0.00000 0.84177 0.43460 0.50000 0.76160 0.09916 0.93460 -0.3776 0.88186 -0.7236 0.61181 -0.9388 0.19409 -0.8670 -0.2552 -0.6286 -0.6561 -0.2510 -0.8565 0.16245 -0.8649 0.51477 -0.6687 0.74895 -0.2890 0.77937 0.07933 0.64135 0.42827 0.31435 0.62447 -0.0042 0.69409 
1 1.00000 0.00000 0.97714 0.19049 0.82683 0.46259 0.71771 0.58732 0.47968 0.84278 0.31409 0.92643 0.10289 0.93945 -0.1325 0.84290 -0.3202 0.91624 -0.5214 0.79525 -0.6827 0.49508 -0.7740 0.33537 -0.8537 0.17849 -0.8331 -0.0135 -0.8236 -0.1932 -0.6728 -0.3366 -0.5994 -0.4970 
0 1.00000 0.00000 -1.0000 0.28105 0.22222 0.15033 -0.7569 -0.7098 -0.3071 0.71242 -1.0000 1.00000 -0.8169 0.33987 -0.7908 -0.0261 -0.9803 -0.8300 -0.6013 -0.5424 -0.0457 -0.8300 0.94118 -0.9411 -1.0000 -0.4313 0.74385 0.09176 -1.0000 0.05229 0.18301 0.02614 -0.4020 -0.4824 
0 1.00000 0.00000 -0.2666 0.4000 -0.27303 0.12159 -0.1777 -0.0444 0.06192 -0.0687 0.04461 0.02575 -0.0088 0.02726 -0.0158 -0.0016 -0.0009 -0.0088 0.00470 -0.0015 0.00138 0.00238 -0.0011 0.00102 -0.0006 -0.0005 0.00019 -0.0004 0.00026 0.00005 0.00000 0.00015 -0.0000 0.00002 
1 1.00000 0.00000 0.43750 0.04167 0.58333 -0.1041 0.39583 0.00000 0.33333 -0.0625 0.47917 0.00000 0.29167 0.10417 0.54167 0.02083 0.43750 -0.2291 0.35417 -0.2291 0.33333 0.08333 0.25000 0.18750 0.39583 -0.1875 0.44012 -0.1006 0.41667 -0.0833 0.58333 -0.3125 0.33333 -0.0625 
0 0.00000 0.00000 0.00000 0.00000 -1.0000 1.00000 1.00000 1.00000 -1.0000 -1.0000 0.00000 0.00000 -1.0000 -1.0000 -1.0000 -0.3125 -1.0000 -1.0000 1.00000 -1.0000 1.00000 -1.0000 0.00000 0.00000 1.00000 -1.0000 -1.0000 -1.0000 0.00000 0.00000 1.00000 -1.0000 0.00000 0.00000 
1 1.00000 0.00000 0.95217 0.06595 0.93614 0.13030 0.90996 0.19152 0.84881 -0.4996 0.90023 0.61320 0.77937 0.34328 0.72254 0.37988 0.66145 0.40844 0.95472 0.59862 0.53258 0.44088 0.46773 0.44511 0.40440 0.44199 0.34374 0.43221 0.90330 1.00000 0.23405 0.39620 0.18632 0.37191 
1 1.00000 0.00000 0.90071 0.01773 1.00000 -0.0177 0.90071 0.00709 0.84752 0.05674 1.00000 0.03546 0.97872 0.01064 0.97518 0.03546 1.00000 -0.0319 0.89716 -0.0319 0.86170 0.07801 1.00000 0.09220 0.90071 0.04610 0.94305 0.03247 0.94681 0.02482 1.00000 0.01064 0.93617 0.02128 
1 1.00000 0.00000 1.00000 0.23395 0.91404 0.52013 0.78020 0.72144 0.47660 0.84222 0.27639 0.91730 0.09467 0.88248 -0.2198 0.91404 -0.3416 0.75517 -0.5136 0.64527 -0.6452 0.44614 -0.7410 0.29162 -0.7083 0.03591 -0.7173 -0.1194 -0.6496 -0.2818 -0.5125 -0.4450 -0.3743 -0.5331 
1 1.00000 0.00000 0.94701 -0.0003 0.93207 -0.0322 0.95177 -0.0343 0.95584 0.02446 0.94124 0.01766 0.92595 0.04688 0.93954 -0.0146 0.94837 0.02004 0.93784 0.01393 0.91406 0.07677 0.89470 0.06148 0.93988 0.03193 0.92489 0.02542 0.92120 0.02242 0.92459 0.00442 0.92697 -0.0057 
1 1.00000 0.00000 0.76296 -0.0777 1.00000 -0.2963 1.00000 -0.8574 0.80000 0.06111 0.45556 -0.4277 1.00000 -0.1258 1.00000 -0.8351 0.49259 0.01852 0.82222 -0.0592 0.98215 -0.1993 1.00000 0.22037 0.69630 -0.2648 0.92148 -0.2454 0.78889 0.02037 0.87492 -0.2710 1.00000 -0.5703 
1 1.00000 0.00000 0.68148 0.10370 0.77037 0.03457 0.65185 0.08148 0.60988 -0.0049 0.79012 0.11852 0.59753 0.04938 0.62469 0.09630 0.78272 -0.1753 0.73827 -0.1086 0.48642 0.00988 0.60988 0.08148 0.66667 -0.1284 0.63773 -0.0245 0.76543 0.02222 0.61235 -0.0716 0.51358 -0.0469 
0 0.00000 0.00000 1.00000 1.00000 1.00000 -1.0000 1.00000 -1.0000 1.00000 1.00000 0.00000 0.00000 1.00000 -1.0000 0.00000 0.00000 0.00000 0.00000 0.00000 0.00000 -1.0000 1.00000 1.00000 1.00000 0.00000 0.00000 1.00000 1.00000 0.00000 0.00000 -1.0000 -1.0000 0.00000 0.00000 
1 1.00000 0.00000 0.85736 0.00075 0.81927 -0.0567 0.77521 -0.0418 0.84317 0.09037 0.86258 0.11949 0.88051 -0.0612 0.78342 0.03510 0.83719 -0.0679 0.83570 -0.1419 0.88125 0.01195 0.90515 0.02240 0.79686 -0.0194 0.82383 -0.0367 0.88125 -0.0642 0.73936 -0.0194 0.79089 -0.0918 
0 0.00000 0.00000 0.00000 0.00000 0.00000 0.00000 0.00000 0.00000 0.00000 0.00000 0.00000 0.00000 1.00000 1.00000 1.00000 1.00000 1.00000 -1.0000 0.00000 0.00000 1.00000 1.00000 1.00000 -1.0000 1.00000 1.00000 1.00000 0.00000 1.00000 1.00000 1.00000 -1.0000 0.00000 0.00000 
0 0.00000 0.00000 1.00000 1.00000 1.00000 -1.0000 1.00000 1.00000 1.00000 1.00000 1.00000 1.00000 1.00000 -1.0000 1.00000 1.00000 1.00000 -1.0000 1.00000 -1.0000 1.00000 1.00000 1.00000 1.00000 1.00000 -1.0000 1.00000 1.00000 1.00000 1.00000 1.00000 1.00000 1.00000 1.00000 
0 1.00000 0.00000 1.00000 -1.0000 1.00000 1.00000 1.00000 -1.0000 1.00000 -1.0000 1.00000 -1.0000 1.00000 -0.0184 1.00000 -1.0000 1.00000 1.00000 1.00000 -0.8558 1.00000 1.00000 1.00000 -1.0000 0.00000 0.00000 1.00000 1.00000 1.00000 -0.7914 1.00000 1.00000 1.00000 1.00000 
1 1.00000 0.00000 0.87578 0.03727 0.89951 0.00343 0.89210 0.00510 0.86335 0.00000 0.95031 0.07453 0.87021 0.00994 0.86303 0.01151 0.83851 -0.0621 0.85714 0.02484 0.84182 0.01603 0.83486 0.01749 0.79503 -0.0434 0.82111 0.02033 0.81988 0.08696 0.80757 0.02308 0.80088 0.02441 
1 1.00000 0.00000 0.31034 -0.1034 0.24138 -0.1034 0.20690 -0.0689 0.07405 -0.0543 0.03649 -0.0368 0.01707 -0.0238 0.00741 -0.0148 0.00281 -0.0089 0.00078 -0.0052 -0.0000 -0.0029 -0.0002 -0.0016 -0.0003 -0.0009 -0.0002 -0.0004 -0.0001 -0.0002 -0.0001 -0.0001 -0.0000 -0.0000 
0 1.00000 0.00000 0.00000 0.00000 0.00000 0.00000 0.00000 0.00000 -0.8500 -1.0000 0.00000 0.00000 1.00000 -1.0000 0.00000 0.00000 -1.0000 -1.0000 -1.0000 -1.0000 1.00000 -1.0000 -0.6000 -1.0000 1.00000 1.00000 -1.0000 -0.2000 1.00000 -1.0000 0.00000 1.00000 0.00000 0.00000 
0 1.00000 0.00000 -0.2050 0.28750 0.23000 0.10000 0.28250 0.31750 0.32250 0.35000 0.36285 -0.3461 0.09250 0.27500 -0.0950 0.21000 -0.0875 0.23500 -0.3418 0.31408 -0.4800 -0.0800 0.29908 0.33176 -0.5800 -0.2400 0.32190 -0.2847 -0.4700 0.18500 -0.2710 -0.3122 0.40445 0.03050 
1 1.00000 0.00000 0.82624 0.08156 0.79078 -0.0815 0.90426 -0.0177 0.92908 0.01064 0.80142 0.08865 0.94681 -0.0070 0.94326 0.00000 0.93262 0.20213 0.95035 -0.0070 0.91489 0.00709 0.80496 0.07092 0.91135 0.15957 0.89527 0.08165 0.77660 0.06738 0.92553 0.18085 0.92553 0.00000 
1 1.00000 0.00000 1.00000 -0.0336 1.00000 0.00485 1.00000 -0.1206 0.88965 0.01198 0.73082 0.05346 0.85443 0.00827 0.54591 0.00299 0.83775 -0.1364 0.75535 -0.0854 0.70887 -0.2750 0.43385 -0.1206 0.57528 -0.4022 0.58984 -0.2214 0.43100 -0.1736 0.60436 -0.2418 0.56045 -0.3823 
1 1.00000 0.00000 1.00000 0.01105 1.00000 0.01105 1.00000 0.02320 0.99448 -0.0143 0.99448 -0.0022 0.98343 0.02320 1.00000 0.00884 0.97569 0.00773 0.97901 0.01657 0.98011 0.00663 0.98122 0.02099 0.97127 -0.0066 0.98033 0.01600 0.97901 0.01547 0.98564 0.02099 0.98674 0.02762 
1 1.00000 0.00000 0.83427 0.39121 0.54040 0.78579 0.12326 0.89402 -0.3322 0.83578 -0.7008 0.59564 -0.8662 0.21909 -0.8444 -0.2416 -0.5971 -0.6189 -0.1935 -0.8778 0.12439 -0.8906 0.51109 -0.7245 0.79143 -0.2773 0.83008 0.08718 0.66592 0.49079 0.37542 0.70011 -0.0398 0.79444 
1 1.00000 0.00000 0.76627 0.21106 0.63935 0.38112 0.48409 0.52500 0.15000 0.22273 0.13753 0.59565 -0.0772 0.44545 0.00000 0.48636 -0.2749 0.42014 -0.5613 0.36818 -0.3659 0.18864 -0.4053 0.07588 -0.3848 -0.0322 -0.3394 -0.1248 -0.2754 -0.1971 -0.1996 -0.2464 -0.1189 -0.2721 
1 1.00000 0.00000 0.92657 0.04174 0.89266 0.15766 0.86098 0.19791 0.83675 0.36526 0.80619 0.40198 0.76221 0.40552 0.66586 0.48360 0.60101 0.51752 0.53392 0.52180 0.48435 0.54212 0.42546 0.55684 0.33340 0.55274 0.26978 0.54214 0.22307 0.53448 0.14312 0.49124 0.11573 0.46571 
1 1.00000 0.00000 0.95113 0.00419 0.95183 -0.0272 0.93438 -0.0192 0.94590 0.01606 0.96510 0.03281 0.94171 0.07330 0.94625 -0.0132 0.97173 0.00140 0.94834 0.06038 0.92670 0.08412 0.93124 0.10087 0.94520 0.01361 0.93522 0.04925 0.93159 0.08168 0.94066 -0.0003 0.91483 0.04712 
0 1.00000 0.00000 0.25316 0.35949 0.00000 0.00000 -0.2962 -1.0000 0.00000 0.00000 0.07595 -0.0734 0.00000 0.00000 0.00000 0.00000 0.00000 0.00000 0.00000 0.00000 0.00759 0.68101 -0.2000 0.33671 -0.1038 0.35696 0.05570 -1.0000 0.00000 0.00000 0.06329 -1.0000 0.00000 0.00000 
0 1.00000 0.00000 -0.6428 -1.0000 1.00000 0.82857 1.00000 -1.0000 1.00000 -0.2339 1.00000 0.96161 1.00000 -0.3767 1.00000 -1.0000 1.00000 0.13839 1.00000 -1.0000 1.00000 -0.0339 -0.8428 1.00000 0.53750 0.85714 1.00000 1.00000 1.00000 -1.0000 1.00000 -1.0000 1.00000 -1.0000 
0 1.00000 0.00000 0.68729 1.00000 0.91973 -0.7608 0.81773 0.04348 0.76087 0.10702 0.86789 0.73746 0.70067 0.18227 0.75920 0.13712 0.93478 -0.2508 0.70736 0.18729 0.64883 0.24582 0.60201 0.77425 1.00000 -0.5384 0.89262 0.22216 0.71070 0.53846 1.00000 -0.0652 0.56522 0.23913 
1 1.00000 0.00000 0.98822 0.02187 0.93102 0.34100 0.83904 0.35222 0.74706 0.48906 0.73584 0.51879 0.55076 0.60179 0.43130 0.66237 0.31800 0.70443 0.28379 0.68873 0.07515 0.73696 0.06338 0.71284 -0.1648 0.69714 -0.1655 0.60510 -0.1620 0.55805 -0.3471 0.44195 -0.3348 0.37465 
0 1.00000 0.00000 1.00000 -0.4516 1.00000 1.00000 0.71216 -1.0000 0.00000 0.00000 0.00000 0.00000 0.00000 0.00000 -1.0000 0.14516 0.54094 -0.3933 -1.0000 -0.5446 -0.6997 1.00000 0.00000 0.00000 1.00000 0.90695 0.51613 1.00000 1.00000 -0.2009 0.25682 1.00000 -0.3238 1.00000 
1 1.00000 0.00000 1.00000 -0.0240 0.94140 0.06531 0.92106 -0.2325 0.77152 -0.1639 0.52798 -0.2027 0.56409 -0.0071 0.34395 -0.2745 0.52940 -0.2178 0.45107 -0.1781 0.05982 -0.3557 0.02309 -0.5287 0.03286 -0.6515 0.13290 -0.5320 0.02431 -0.6219 -0.0570 -0.5957 -0.0460 -0.6569 
1 1.00000 0.00000 0.99645 0.06468 1.00000 -0.0123 0.97811 0.02498 0.96112 0.02312 0.99274 0.07808 0.89323 0.10346 0.94212 0.05269 0.88809 0.11120 0.86104 0.08631 0.81633 0.11830 0.83668 0.14442 0.81329 0.13412 0.79476 0.13638 0.79110 0.15379 0.77122 0.15930 0.70941 0.12015 
1 1.00000 0.00000 1.00000 0.05812 0.94525 0.07418 0.99952 0.13231 1.00000 -0.0191 0.94846 0.07033 0.95713 0.14644 0.94862 0.11224 0.90896 0.20119 0.96741 0.16265 0.99695 0.14258 0.90784 0.16410 0.91667 0.22431 0.88423 0.23571 0.88568 0.22511 0.78324 0.29576 0.83574 0.31166 
0 0.00000 0.00000 1.00000 -1.0000 1.00000 1.00000 1.00000 -1.0000 1.00000 1.00000 1.00000 -1.0000 1.00000 -1.0000 1.00000 -1.0000 1.00000 1.00000 1.00000 1.00000 1.00000 1.00000 1.00000 -1.0000 1.00000 1.00000 1.00000 1.00000 1.00000 1.00000 1.00000 1.00000 1.00000 -1.0000 
1 1.00000 0.00000 0.83609 0.13215 0.72171 0.06059 0.65829 0.08315 0.23888 0.12961 0.43837 0.20330 0.49418 0.12686 0.44747 0.13507 0.29352 0.02922 0.48158 0.15756 0.32835 0.14616 0.29495 0.14638 0.26436 0.14530 0.23641 0.14314 0.26429 0.16137 0.18767 0.13632 0.16655 0.13198 
1 1.00000 0.00000 0.79378 0.29492 0.64064 0.52312 0.41319 0.68158 0.14177 0.83548 -0.1683 0.78772 -0.4291 0.72328 -0.5716 0.41471 -0.7543 0.16755 -0.6997 -0.0985 -0.5769 -0.2350 -0.4063 -0.3828 -0.1743 -0.5254 0.01523 -0.4870 0.19030 -0.3805 0.31008 -0.2319 0.34572 -0.0803 
1 1.00000 0.00000 0.21429 -0.0952 0.33333 0.07143 0.19048 0.19048 0.23810 0.09524 0.40476 0.02381 0.30952 -0.0476 0.30952 -0.0476 0.28571 -0.1190 0.33333 0.04762 0.30952 0.00000 0.21429 -0.1190 0.35714 -0.0476 0.22109 -0.0229 0.19048 0.00000 0.16997 -0.0203 0.14694 -0.0187 
1 1.00000 0.00000 0.95704 -0.1209 0.63318 -0.1269 0.96365 -0.1824 0.97026 0.08460 0.92003 -0.0112 0.83543 -0.2471 1.00000 -0.3139 0.99273 -0.2121 0.98678 -0.2101 1.00000 -0.2716 0.93126 -0.3945 1.00000 -0.1923 0.88793 -0.3156 0.81428 -0.2372 0.89095 -0.3185 0.69531 -0.4157 
1 1.00000 0.00000 0.79847 0.38265 0.80804 -0.1696 1.00000 -0.0765 0.98151 -0.0739 0.70217 0.20663 0.99745 0.02105 0.98214 0.02487 1.00000 -0.1307 0.95663 0.07717 1.00000 0.00191 0.90306 0.30804 1.00000 -0.1454 1.00000 -0.0039 0.75638 0.07908 1.00000 -0.1875 1.00000 -0.0574 
1 1.00000 0.00000 0.75564 0.49638 0.83550 0.54301 0.54916 0.72063 0.35225 0.70792 0.13469 0.94749 -0.0981 0.93778 -0.3760 0.82223 -0.5274 0.71161 -0.6835 0.67989 -0.7016 0.24956 -0.7914 0.02995 -0.9898 -0.2909 -0.7035 -0.3279 -0.6331 -0.1918 -0.3413 -0.6045 -0.1960 -0.6295 
0 1.00000 0.00000 0.38521 0.15564 0.41245 0.07393 0.26459 0.24125 0.23346 0.13230 0.19455 0.25292 0.24514 0.36965 0.08949 0.22957 -0.0389 0.36965 0.05058 0.24903 0.24903 0.09728 0.07782 0.29961 -0.0249 0.28482 -0.0602 0.26256 -0.1478 0.14786 -0.0933 0.31128 -0.1906 0.28794 
1 1.00000 0.00000 0.97905 0.15810 0.90112 0.35237 0.82039 0.48561 0.71760 0.64888 0.58827 0.73743 0.40349 0.83156 0.25140 0.84804 0.04700 0.85475 -0.1219 0.79749 -0.2618 0.80754 -0.3783 0.71676 -0.5103 0.58324 -0.5758 0.46040 -0.6189 0.30796 -0.6575 0.18345 -0.6413 0.02968 
1 1.00000 0.00000 0.58940 -0.6092 0.85430 0.55298 0.81126 0.07285 0.56623 0.16225 0.32781 0.24172 0.50331 0.12252 0.63907 0.19868 0.71854 0.42715 0.54305 0.13907 0.65232 0.27815 0.68874 0.07285 0.51872 0.26653 0.49013 0.27687 0.46216 0.28574 0.43484 0.29324 0.40821 0.29942 
1 1.00000 0.00000 0.47938 -0.1237 0.42784 -0.1237 0.70103 -0.3917 0.73196 0.07216 0.26289 -0.2164 0.49485 0.15979 0.45361 -0.1185 0.42268 0.06186 0.50000 -0.2732 0.54639 0.18557 0.42268 0.08247 0.70619 0.19588 0.53396 -0.1244 0.15464 -0.2628 0.47423 0.04124 0.45361 -0.5154 
1 1.00000 0.00000 0.52542 -0.0339 0.94915 0.08475 0.52542 -0.1694 0.30508 -0.0169 0.50847 -0.1355 0.64407 0.28814 0.83051 -0.3559 0.54237 0.01695 0.55932 0.03390 0.59322 0.30508 0.86441 0.05085 0.40678 0.15254 0.67287 -0.0026 0.66102 -0.0339 0.83051 -0.1525 0.76271 -0.1016 
1 1.00000 0.00000 0.74852 -0.0281 0.65680 -0.0517 0.80621 0.02811 0.85947 0.02515 0.63462 0.08728 0.71598 0.07840 0.73077 0.05178 0.78550 -0.2781 0.65976 -0.0147 0.78698 0.06953 0.34615 -0.1863 0.65385 0.02811 0.61009 -0.0663 0.53550 -0.2115 0.59024 -0.1405 0.56361 0.02959 
1 1.00000 0.00000 0.88085 0.35232 0.68389 0.65128 0.34816 0.79784 0.05832 0.90842 -0.2978 0.86490 -0.6263 0.69590 -0.7710 0.39309 -0.8580 0.08408 -0.8164 -0.2401 -0.6457 -0.5002 -0.3976 -0.6833 -0.1114 -0.7553 0.17041 -0.7150 0.40675 -0.5764 0.56626 -0.3676 0.62765 -0.1330 
1 1.00000 0.00000 0.50000 0.00000 0.38696 0.10435 0.49130 0.06522 0.46957 -0.0391 0.35652 -0.1260 0.45652 0.04783 0.50435 0.02609 0.35652 0.19565 0.42174 0.14783 0.42174 -0.0260 0.32174 -0.1130 0.47391 -0.0087 0.41789 0.06908 0.38696 0.03913 0.35217 0.14783 0.44783 0.17391 
1 1.00000 0.00000 1.00000 0.09091 0.95455 -0.0909 0.77273 0.00000 1.00000 0.00000 0.95455 0.00000 1.00000 0.04545 0.90909 -0.0454 1.00000 0.00000 1.00000 0.00000 0.86364 0.09091 0.77273 0.09091 0.90909 0.04545 0.91541 0.02897 0.95455 0.09091 0.86364 -0.0909 0.86364 0.04545 
1 1.00000 0.00000 0.58459 -0.3552 1.00000 0.35338 0.75376 -0.0056 0.82519 0.19361 0.50188 -0.2763 0.65977 0.06391 0.69737 0.14662 0.72368 -0.4266 0.76128 0.04511 0.66917 0.20489 0.84774 -0.4097 0.64850 -0.0469 0.56836 -0.1057 0.52820 -0.1334 0.15602 -0.1221 0.44767 -0.1030 
1 1.00000 0.00000 0.71521 -0.0064 0.66667 -0.0420 0.63107 -0.0517 0.77994 0.08091 0.67314 0.09709 0.64725 0.15858 0.60194 -0.0194 0.54369 -0.0453 0.46926 -0.1003 0.64725 0.14887 0.39159 0.21683 0.52427 -0.0550 0.45105 0.00040 0.31392 -0.0679 0.49191 -0.1068 0.30421 -0.0517 
0 1.00000 0.00000 0.00000 0.00000 -0.3367 0.85388 0.00000 0.00000 0.68869 -1.0000 0.97078 0.31385 -0.2604 -0.5921 -0.3024 0.65565 0.94155 0.16391 0.00000 0.00000 0.00000 0.00000 -0.1804 -1.0000 0.00000 0.00000 1.00000 -1.0000 0.00000 0.00000 0.04447 0.61881 0.00000 0.00000 
1 1.00000 0.00000 0.96087 0.08620 0.96760 0.19279 0.96026 0.27451 0.98044 0.35052 0.92867 0.46281 0.86265 0.52517 0.82820 0.58794 0.73242 0.69065 0.69003 0.73140 0.54473 0.68820 0.48339 0.76197 0.40615 0.74689 0.33401 0.83796 0.24944 0.86061 0.13756 0.86835 0.09048 0.86285 
1 1.00000 0.00000 0.72414 -0.0108 0.79704 0.01084 0.80000 0.00197 0.79015 0.01084 0.78424 -0.0098 0.83350 0.03251 0.85123 0.01675 0.80099 -0.0078 0.79113 -0.0295 0.75961 0.03350 0.74778 0.05517 0.72611 -0.0147 0.78041 0.00612 0.74089 -0.0502 0.82956 0.02956 0.79015 0.00788 
1 1.00000 0.00000 0.88179 0.43491 0.59573 0.77655 0.19672 0.94537 -0.2410 0.92544 -0.6252 0.71257 -0.8644 0.33652 -0.9238 -0.0533 -0.7735 -0.4470 -0.4695 -0.7328 -0.1023 -0.8221 0.26384 -0.7757 0.55984 -0.5591 0.72147 -0.2443 0.72478 0.09599 0.58137 0.38915 0.34749 0.57656 
0 0.00000 0.00000 1.00000 1.00000 1.00000 -1.0000 0.00000 0.00000 0.00000 0.00000 1.00000 1.00000 1.00000 1.00000 -1.0000 -1.0000 1.00000 -1.0000 -1.0000 1.00000 0.00000 0.00000 1.00000 -1.0000 1.00000 -1.0000 1.00000 1.00000 -1.0000 -1.0000 0.00000 0.00000 0.00000 0.00000 
1 1.00000 0.00000 0.57647 -0.0156 0.40392 0.00000 0.38431 0.12941 0.40000 -0.0588 0.56471 0.14118 0.46667 0.08235 0.52549 -0.0549 0.58039 0.01569 0.50196 0.00000 0.45882 0.06667 0.58039 0.08235 0.49804 0.00392 0.48601 0.10039 0.46275 0.08235 0.45098 0.23529 0.43137 0.17255 
0 0.00000 0.00000 0.00000 0.00000 0.00000 0.00000 1.00000 -1.0000 0.00000 0.00000 -1.0000 -1.0000 0.00000 0.00000 0.00000 0.00000 1.00000 1.00000 -1.0000 -1.0000 0.00000 0.00000 0.00000 0.00000 1.00000 1.00000 1.00000 1.00000 0.00000 0.00000 1.00000 1.00000 0.00000 0.00000 
0 1.00000 0.00000 1.00000 -1.0000 1.00000 1.00000 1.00000 1.00000 1.00000 -0.5000 1.00000 1.00000 1.00000 1.00000 1.00000 1.00000 0.00000 0.00000 1.00000 1.00000 1.00000 1.00000 1.00000 -1.0000 1.00000 1.00000 1.00000 0.62500 1.00000 -0.7500 -0.7500 1.00000 1.00000 1.00000 
1 1.00000 0.00000 0.64947 -0.0789 0.58264 -0.1438 -0.1312 -0.2138 0.29796 0.04403 0.38096 -0.2633 0.28931 -0.3199 0.03459 -0.1894 0.20269 -0.2944 0.15196 -0.2905 0.09513 -0.3152 0.06556 -0.2679 0.03004 -0.2512 -0.0004 -0.2321 -0.0261 -0.2112 -0.0471 -0.1895 0.01336 -0.2720 
0 1.00000 0.00000 1.00000 -0.0552 1.00000 -1.0000 0.50000 -0.1111 0.36111 -0.2222 1.00000 -0.2571 0.16667 -0.1111 1.00000 -0.3466 1.00000 -0.3885 1.00000 -0.4286 0.00000 -0.2500 1.00000 -0.5033 1.00000 -0.2777 1.00000 -0.5709 1.00000 -0.2777 1.00000 -0.6315 1.00000 -0.6593 
1 1.00000 0.00000 0.32834 0.02520 0.15236 0.21278 0.14919 0.74003 -0.2570 0.92324 -0.1031 0.19380 -0.6135 0.25786 -0.9405 -0.0540 -0.1311 -0.1432 -0.3031 -0.4461 -0.1140 -0.8559 0.02668 -0.2278 0.27942 -0.0629 0.33737 -0.1187 0.27657 -0.1140 0.15078 0.13296 0.12197 0.20468 
1 1.00000 0.00000 0.93147 0.29282 0.79917 0.55756 0.59952 0.71596 0.26203 0.92651 0.04636 0.96748 -0.2323 0.95130 -0.5592 0.81018 -0.7332 0.62385 -0.9099 0.36200 -0.9225 0.06040 -0.9361 -0.1983 -0.8319 -0.4690 -0.6516 -0.6955 -0.4122 -0.8572 -0.1359 -0.9395 0.10007 -0.9482 
1 1.00000 0.00000 0.57540 -0.0317 0.75198 -0.0535 0.61508 -0.0119 0.53968 0.03373 0.61706 0.09921 0.59127 -0.0238 0.62698 0.01190 0.70833 0.02579 0.60317 0.01587 0.47817 -0.0277 0.59127 0.03770 0.50000 0.03968 0.61291 -0.0123 0.61706 -0.1349 0.68849 -0.0138 0.62500 -0.0317 
1 1.00000 0.00000 1.00000 -0.0871 1.00000 -0.1726 0.86635 -0.8177 0.94817 0.61053 0.95473 -0.4138 0.88486 -0.3173 0.87937 -0.2343 0.81051 -0.6218 0.12245 -1.0000 0.90284 0.11053 0.62357 -0.7854 0.55389 -0.8286 0.48136 -0.8658 0.40650 -0.8967 0.32984 -0.9212 -0.1334 -1.0000 
1 1.00000 0.00000 1.00000 0.16195 1.00000 -0.0555 1.00000 0.01373 1.00000 -0.1235 1.00000 -0.0151 1.00000 -0.0173 1.00000 -0.0637 1.00000 -0.0715 1.00000 0.05900 1.00000 -0.1010 1.00000 -0.0268 1.00000 -0.2297 1.00000 -0.0682 1.00000 0.08299 1.00000 -0.1419 1.00000 -0.0743 
1 1.00000 0.00000 1.00000 -0.0660 1.00000 0.62937 1.00000 0.09557 1.00000 0.20280 1.00000 -1.0000 1.00000 -0.4055 1.00000 -0.1585 1.00000 0.04895 1.00000 -0.6153 1.00000 -0.2657 1.00000 -1.0000 1.00000 -0.5804 1.00000 -0.8137 1.00000 -1.0000 1.00000 -0.7855 1.00000 -0.4825 
1 1.00000 0.00000 0.51207 1.00000 1.00000 0.53810 0.71178 0.80833 0.45622 0.46427 0.33081 1.00000 0.21249 1.00000 -0.1741 1.00000 -0.3308 0.98722 -0.6138 1.00000 -0.5267 0.71699 -0.8850 0.47894 -1.0000 0.35175 -1.0000 0.09569 -1.0000 -0.1671 -1.0000 -0.4222 -0.9190 -0.6555 
1 1.00000 0.00000 0.45455 0.09091 0.63636 0.09091 0.27273 0.18182 0.63636 0.00000 0.36364 -0.0909 0.45455 -0.0909 0.48612 -0.0134 0.63636 -0.1818 0.45455 0.00000 0.36364 -0.0909 0.27273 0.18182 0.36364 -0.0909 0.34442 -0.0176 0.27273 0.00000 0.36364 0.00000 0.28985 -0.0183 
1 1.00000 0.00000 0.88208 -0.1463 0.93408 -0.1105 0.92100 -0.1645 0.88307 -0.1703 0.88462 -0.3180 0.85269 -0.3146 0.82116 -0.3592 0.80681 -0.3363 0.75243 -0.4702 0.70555 -0.4715 0.66150 -0.5008 0.61297 -0.4808 0.56804 -0.5462 0.50179 -0.5985 0.47075 -0.5737 0.42189 -0.5808 
0 1.00000 0.00000 0.36876 -1.0000 -1.0000 -1.0000 -0.0766 1.00000 1.00000 0.95041 0.74597 -0.3871 -1.0000 -0.7931 -0.0967 1.00000 0.48684 0.46502 0.31755 -0.2746 -0.1434 -0.2018 -0.1197 0.06895 0.03021 0.06639 0.03443 -0.0118 -0.0040 -0.0167 -0.0076 0.00108 0.00015 0.00325 
1 1.00000 0.00000 0.80627 0.13069 0.73061 0.24323 0.64615 0.19038 0.36923 0.45577 0.44793 0.46439 0.25000 0.57308 0.25192 0.37115 0.15215 0.51877 -0.0980 0.57500 -0.0346 0.42885 -0.0885 0.44424 -0.1494 0.40006 -0.1994 0.34976 -0.2383 0.29541 -0.2663 0.23896 -0.2384 0.31154 
0 1.00000 0.00000 0.62745 -0.0784 0.72549 0.00000 0.60784 -0.0784 0.62745 -0.1176 0.68627 -0.1176 0.66667 -0.1372 0.64706 -0.0980 0.54902 -0.1176 0.54902 -0.2156 0.58824 -0.1960 0.66667 -0.2352 0.45098 -0.2549 0.52409 -0.2466 0.56863 -0.3137 0.43137 -0.2156 0.47059 -0.2745 
1 1.00000 0.00000 1.00000 -0.2405 1.00000 -0.2025 0.87342 -0.1012 0.88608 0.01266 1.00000 0.11392 0.92405 0.06329 0.84810 -0.0379 0.63291 -0.3670 0.87342 -0.0126 0.93671 0.06329 1.00000 0.25316 0.62025 -0.3797 0.84637 -0.0554 1.00000 -0.0632 0.53165 0.02532 0.83544 -0.0253 
0 1.00000 0.00000 1.00000 -0.0952 -1.0000 -1.0000 -1.0000 -1.0000 1.00000 0.31746 0.81349 0.76190 -1.0000 -1.0000 -1.0000 1.00000 0.47364 1.00000 1.00000 1.00000 0.68839 -1.0000 -1.0000 -1.0000 0.82937 0.36508 1.00000 1.00000 1.00000 0.50794 -1.0000 -0.3254 -1.0000 0.72831 
1 1.00000 0.00000 0.61538 0.18923 0.78157 0.01780 0.77486 0.02647 0.65077 -0.1030 0.77538 0.08000 0.73961 0.05060 0.72322 0.05776 0.68615 -0.0892 0.61692 0.16308 0.66233 0.07573 0.63878 0.08041 0.60154 -0.0723 0.58803 0.08767 0.55077 0.25692 0.53389 0.09207 0.50609 0.09322 
1 1.00000 0.00000 0.92870 0.33164 0.76168 0.62349 0.49305 0.84266 0.21592 0.95193 -0.1395 0.96167 -0.4720 0.83590 -0.7074 0.65490 -0.8747 0.36750 -0.9181 0.05595 -0.8982 -0.2617 -0.7396 -0.5406 -0.5075 -0.7473 -0.2232 -0.8612 0.07810 -0.8715 0.36021 -0.7805 0.59407 -0.6027 
1 1.00000 0.00000 0.87048 0.38027 0.64099 0.69212 0.31347 0.86625 -0.0393 0.90740 -0.4217 0.79346 -0.7056 0.51560 -0.8104 0.22735 -0.8113 -0.1253 -0.6747 -0.3810 -0.3833 -0.6286 -0.1301 -0.7076 0.15552 -0.6642 0.38544 -0.5156 0.52573 -0.2989 0.56239 -0.0593 0.51460 0.16645 
0 1.00000 0.00000 0.00000 0.00000 0.00000 0.00000 0.00000 0.00000 -1.0000 1.00000 0.00000 0.00000 1.00000 0.37333 -0.1200 -0.1200 0.00000 0.00000 -1.0000 -1.0000 0.00000 0.00000 1.00000 -1.0000 0.00000 0.00000 1.00000 0.22667 0.00000 0.00000 0.00000 0.00000 0.00000 0.00000 
1 1.00000 0.00000 1.00000 -0.1423 1.00000 -0.1625 1.00000 -0.2365 1.00000 -0.0751 1.00000 -0.2501 1.00000 -0.2616 1.00000 -0.2197 1.00000 -0.3860 1.00000 -0.4616 1.00000 -0.3551 1.00000 -0.5966 1.00000 -0.4764 0.98820 -0.4968 1.00000 -0.7582 1.00000 -0.7576 1.00000 -0.8443 
0 1.00000 0.00000 1.00000 -1.0000 1.00000 1.00000 -1.0000 1.00000 1.00000 -1.0000 1.00000 -1.0000 -1.0000 -1.0000 -1.0000 1.00000 1.00000 1.00000 1.00000 1.00000 -1.0000 1.00000 1.00000 -1.0000 1.00000 -1.0000 1.00000 1.00000 1.00000 1.00000 -1.0000 1.00000 -1.0000 1.00000 
0 0.00000 0.00000 -1.0000 -1.0000 1.00000 -1.0000 -1.0000 1.00000 0.00000 0.00000 1.00000 -1.0000 1.00000 -1.0000 0.00000 0.00000 0.00000 0.00000 0.00000 0.00000 -1.0000 1.00000 1.00000 -1.0000 -1.0000 1.00000 1.00000 1.00000 0.00000 0.00000 1.00000 0.50000 0.00000 0.00000 
0 1.00000 0.00000 1.00000 1.00000 0.00000 0.00000 1.00000 -1.0000 -1.0000 -1.0000 1.00000 1.00000 1.00000 -1.0000 0.00000 0.00000 1.00000 -1.0000 1.00000 1.00000 0.00000 0.00000 1.00000 -1.0000 -1.0000 -1.0000 1.00000 1.00000 -1.0000 1.00000 -1.0000 1.00000 0.00000 0.00000 
1 1.00000 0.00000 0.96071 0.07088 1.00000 0.04296 1.00000 0.09313 0.90169 -0.0514 0.89263 0.02580 0.83250 -0.0614 0.87534 0.09831 0.76544 0.00280 0.75206 -0.0529 0.65961 -0.0790 0.64158 -0.0592 0.55677 -0.0770 0.58051 -0.0220 0.49664 -0.0125 0.51310 -0.0001 0.52099 -0.0018 
0 0.00000 0.00000 1.00000 -1.0000 -1.0000 1.00000 -1.0000 1.00000 1.00000 1.00000 1.00000 1.00000 -1.0000 -1.0000 -1.0000 -1.0000 1.00000 1.00000 1.00000 -1.0000 -1.0000 -1.0000 -1.0000 -1.0000 1.00000 0.00000 1.00000 -1.0000 1.00000 -1.0000 -1.0000 1.00000 -1.0000 1.00000 
1 1.00000 0.00000 0.89589 0.39286 0.66129 0.71804 0.29521 0.90824 -0.0478 0.94415 -0.4572 0.84605 -0.7766 0.58511 -0.9281 0.25133 -0.9228 -0.1531 -0.7606 -0.4840 -0.5093 -0.7619 -0.1489 -0.8859 0.21581 -0.8570 0.53229 -0.6859 0.74846 -0.4065 0.83142 -0.0702 0.76862 0.27926 
0 0.00000 0.00000 1.00000 -1.0000 1.00000 1.00000 1.00000 1.00000 1.00000 1.00000 1.00000 1.00000 1.00000 -1.0000 1.00000 -1.0000 1.00000 1.00000 1.00000 -1.0000 1.00000 1.00000 1.00000 1.00000 1.00000 -1.0000 1.00000 1.00000 1.00000 -1.0000 1.00000 1.00000 1.00000 -1.0000 
1 1.00000 0.00000 0.97513 0.00710 0.98579 0.01954 1.00000 0.01954 0.99290 0.01599 0.95737 0.02309 0.97158 0.03552 1.00000 0.03730 0.97869 0.02131 0.98579 0.05684 0.97158 0.04796 0.94494 0.05506 0.98401 0.03552 0.97540 0.06477 0.94849 0.08171 0.99112 0.06217 0.98934 0.09947 
0 1.00000 0.00000 0.17188 -1.0000 -1.0000 1.00000 0.00000 0.00000 0.00000 0.00000 -1.0000 1.00000 0.00000 0.00000 -0.6135 -0.6770 0.80521 0.36146 0.51979 0.14375 0.00000 0.00000 -1.0000 -0.2708 -0.8479 0.96250 1.00000 1.00000 -1.0000 0.67708 0.00000 0.00000 0.00000 0.00000 
0 0.00000 0.00000 1.00000 1.00000 1.00000 -1.0000 1.00000 1.00000 -1.0000 1.00000 0.00000 0.00000 1.00000 1.00000 0.00000 0.00000 0.00000 0.00000 -1.0000 1.00000 -1.0000 1.00000 1.00000 1.00000 1.00000 -1.0000 1.00000 1.00000 1.00000 1.00000 1.00000 -1.0000 -1.0000 1.00000 
1 1.00000 0.00000 1.00000 -0.5722 0.99150 -0.7337 0.89518 -0.9745 1.00000 -0.3581 1.00000 -0.2322 0.62890 -0.8640 1.00000 -0.5753 1.00000 -0.7960 0.76771 -0.8895 0.96601 -1.0000 0.70120 -0.7489 0.61946 -0.7690 0.53777 -0.7798 0.81020 -1.0000 1.00000 -1.0000 0.30445 -0.7611 
0 0.00000 0.00000 1.00000 -1.0000 1.00000 1.00000 1.00000 -1.0000 1.00000 1.00000 1.00000 -1.0000 1.00000 1.00000 1.00000 -1.0000 1.00000 -1.0000 1.00000 1.00000 1.00000 1.00000 1.00000 -1.0000 1.00000 -1.0000 1.00000 -1.0000 1.00000 1.00000 1.00000 -1.0000 1.00000 1.00000 
1 1.00000 0.00000 0.85209 0.39252 0.38887 0.76432 0.08858 0.98903 -0.4262 0.88744 -0.7622 0.49980 -0.9309 0.10768 -0.8590 -0.3104 -0.6603 -0.5526 -0.1926 -0.8606 0.28444 -0.8049 0.64649 -0.3523 0.77814 -0.2332 0.71698 0.21343 0.37830 0.58310 0.19667 0.66315 -0.1121 0.64933 
1 1.00000 0.00000 1.00000 1.00000 1.00000 1.00000 0.91010 1.00000 -0.2697 1.00000 -0.8315 1.00000 -1.0000 1.00000 -1.0000 0.72526 -1.0000 -0.5777 -1.0000 -0.4205 -1.0000 -1.0000 -0.5283 -1.0000 0.90014 -1.0000 1.00000 -1.0000 1.00000 -1.0000 1.00000 -0.3468 1.00000 0.34845 
0 1.00000 0.00000 0.18590 -0.1666 0.00000 0.00000 0.00000 0.00000 0.00000 0.00000 0.00000 0.00000 0.11538 -0.1907 0.00000 0.00000 0.00000 0.00000 0.00000 0.00000 0.00000 0.00000 -0.0512 -0.0657 0.07853 0.08974 0.17308 -0.1089 0.12500 0.09615 0.02564 -0.0480 0.16827 0.19551 
1 1.00000 0.00000 0.44444 0.44444 0.53695 0.90763 -0.2222 1.00000 -0.3333 0.88889 -1.0000 0.33333 -1.0000 -0.1111 -1.0000 -0.2222 -0.6666 -0.7777 0.55556 -1.0000 -0.2222 -0.7777 0.77778 -0.2222 0.33333 0.00000 0.92120 0.45019 0.57454 0.84353 0.22222 1.00000 -0.5555 1.00000 
1 1.00000 0.00000 0.95882 0.10129 1.00000 -0.0191 0.98313 0.02555 0.96974 -0.0931 0.98955 -0.0271 0.97980 -0.0309 1.00000 -0.0534 1.00000 -0.0517 0.93840 0.01557 0.97620 -0.0928 0.97889 -0.0531 0.91567 -0.1567 0.95677 -0.0699 0.90978 0.01307 1.00000 -0.1079 0.93144 -0.0688 
1 1.00000 0.00000 1.00000 0.63548 1.00000 1.00000 0.77123 1.00000 -0.3333 1.00000 -1.0000 1.00000 0.00000 1.00000 -1.0000 1.00000 -1.0000 0.00000 -1.0000 -0.6666 -1.0000 -0.9253 -1.0000 -0.3333 -0.3333 -1.0000 0.19235 -1.0000 1.00000 -1.0000 0.00000 -1.0000 1.00000 -0.6666 
1 1.00000 0.00000 0.33333 -0.2500 0.44444 0.22222 0.38889 0.16667 0.41667 0.13889 0.50000 -0.1111 0.54911 -0.0844 0.58333 0.33333 0.55556 0.02778 0.25000 -0.1944 0.47222 -0.0555 0.52778 -0.0277 0.38889 0.08333 0.41543 -0.1425 0.19444 -0.1388 0.36924 -0.1480 0.08333 -0.5000 
0 1.00000 0.00000 0.42708 -0.5000 0.00000 0.00000 0.00000 0.00000 0.46458 0.51042 0.58958 0.02083 0.00000 0.00000 0.00000 0.00000 0.16458 -0.4541 0.59167 -0.1833 0.00000 0.00000 0.00000 0.00000 0.98750 -0.4083 -1.0000 -1.0000 -0.2791 -0.7562 0.00000 0.00000 0.00000 0.00000 
0 0.00000 0.00000 0.00000 0.00000 1.00000 1.00000 0.00000 0.00000 1.00000 1.00000 0.00000 0.00000 1.00000 -1.0000 0.00000 0.00000 0.00000 0.00000 0.00000 0.00000 0.00000 0.00000 0.00000 0.00000 0.00000 0.00000 1.00000 -1.0000 0.00000 0.00000 -1.0000 1.00000 0.00000 0.00000 
0 1.00000 0.00000 0.94531 -0.0351 -1.0000 -0.3320 -1.0000 -0.0156 0.97266 0.01172 0.93359 -0.0195 -1.0000 0.16406 -1.0000 -0.0039 0.95313 -0.0351 0.92188 -0.0273 -0.9921 0.11719 -0.9335 0.34766 0.95703 -0.0039 0.82041 0.13758 0.90234 -0.0664 -1.0000 -0.1875 -1.0000 -0.3437 
0 1.00000 0.00000 0.65909 -0.6287 0.00000 0.00000 0.00000 0.00000 0.77273 1.00000 1.00000 -0.2803 0.00000 0.00000 0.00000 0.00000 0.62121 -0.2272 0.84091 -1.0000 1.00000 -1.0000 0.00000 0.00000 0.00000 0.00000 1.00000 -0.9393 -0.1287 -0.9318 0.00000 0.00000 0.00000 0.00000 
0 1.00000 0.00000 0.42000 -0.6100 0.00000 0.00000 1.00000 -1.0000 0.90000 1.00000 0.43000 0.64000 0.00000 0.00000 0.00000 0.00000 0.67000 -0.2900 0.84000 -1.0000 0.00000 0.00000 0.00000 0.00000 0.21000 0.68000 1.00000 0.22000 0.00000 0.00000 0.00000 0.00000 0.00000 0.00000 
1 1.00000 0.00000 1.00000 0.03529 1.00000 0.18281 1.00000 0.26968 1.00000 0.25068 1.00000 0.28778 1.00000 0.38643 1.00000 0.31674 1.00000 0.65701 1.00000 0.53846 1.00000 0.61267 1.00000 0.59457 0.89593 0.68326 0.89502 0.71374 0.85611 0.67149 0.74389 0.85611 0.71493 0.75837 
1 1.00000 0.00000 0.39394 -0.2424 0.62655 0.01270 0.45455 0.09091 0.63636 0.09091 0.21212 -0.2121 0.57576 0.15152 0.39394 0.00000 0.56156 0.04561 0.51515 0.03030 0.78788 0.18182 0.30303 -0.1515 0.48526 0.05929 0.46362 0.06142 0.33333 -0.0303 0.41856 0.06410 0.39394 0.24242 
0 1.00000 0.00000 0.71253 -0.0259 0.41287 -0.2306 0.98019 -0.0947 0.99709 -0.1023 1.00000 -0.1095 0.58965 1.00000 0.83726 -1.0000 0.82270 -0.1786 0.80760 -0.2825 -0.2591 0.92730 0.51933 0.05456 0.65493 -0.2039 0.93124 -0.4130 0.63811 -0.2190 0.86136 -0.8735 -0.2318 -1.0000 
1 1.00000 0.00000 0.96933 0.00876 1.00000 0.00843 0.98658 -0.0076 0.97868 -0.0284 0.99820 -0.0351 1.00000 -0.0127 1.00000 -0.0258 1.00000 -0.0117 0.98485 0.00025 1.00000 -0.0261 1.00000 -0.0474 0.96019 -0.0452 0.99188 -0.0347 0.97020 -0.0247 1.00000 -0.0385 0.98420 -0.0411 
1 1.00000 0.00000 0.92436 0.36924 0.71976 0.68420 0.29303 0.94078 -0.1110 0.76527 -0.3160 0.92453 -0.6661 0.78766 -0.9214 0.42314 -0.9431 0.09585 -1.0000 0.03191 -0.6643 -0.6627 -0.4601 -0.7817 -0.1348 -0.8808 0.19765 -0.8513 0.48904 -0.7024 0.69886 -0.4604 0.76066 -0.1319 
0 1.00000 0.00000 0.00000 0.00000 1.00000 0.51724 0.00000 0.00000 0.10991 -1.0000 0.00000 0.00000 0.00000 0.00000 -1.0000 -0.2241 -0.5571 -0.8329 0.76940 0.63147 0.00000 0.00000 0.53448 0.35668 -0.9030 0.44828 1.00000 -1.0000 -1.0000 0.81573 0.00000 0.00000 0.00000 0.00000 
1 1.00000 0.00000 1.00000 0.00000 1.00000 0.00000 0.50000 0.50000 0.75000 0.00000 0.91201 0.12094 0.89067 0.14210 0.86922 0.16228 0.75000 0.25000 0.75000 0.50000 0.75000 0.00000 1.00000 -0.2500 0.50000 0.50000 0.73944 0.26388 0.75000 0.25000 0.69635 0.29074 0.67493 0.30293 
1 1.00000 0.00000 0.86889 -0.0711 1.00000 -0.0249 1.00000 -0.0688 0.87778 0.00222 0.83556 -0.0644 1.00000 -0.0728 1.00000 -0.2000 0.86889 0.05333 0.88000 -0.0377 1.00000 -0.1152 1.00000 -0.1866 0.84444 0.03556 1.00000 -0.1416 0.82222 -0.1466 1.00000 -0.1560 1.00000 -0.4422 
1 1.00000 0.00000 1.00000 0.09802 1.00000 0.25101 0.98390 0.33044 0.80365 0.53020 0.74977 0.60297 0.56937 0.71942 0.55311 0.74079 0.29452 0.82193 0.21137 0.79777 0.09709 0.82162 -0.0173 0.79870 -0.1514 0.75596 -0.2283 0.69187 -0.3171 0.60948 -0.4029 0.54522 -0.4281 0.44534 
1 1.00000 0.00000 0.89410 0.13425 0.87001 0.31543 0.78896 0.43388 0.63388 0.59975 0.54003 0.71016 0.39699 0.76161 0.24266 0.79523 0.09134 0.79598 -0.0915 0.76261 -0.2020 0.66926 -0.3026 0.62610 -0.4055 0.50489 -0.4621 0.40753 -0.5031 0.27252 -0.5282 0.19172 -0.4880 0.05972 
1 1.00000 0.00000 1.00000 0.11385 0.70019 -0.1214 0.81594 0.09677 0.71157 0.01139 0.56167 -0.0778 0.69070 0.12524 0.58634 0.03985 0.53131 -0.0341 0.69450 0.16888 0.72676 0.07211 0.32068 0.05882 0.53321 0.37381 0.49090 0.17951 0.15180 0.32448 0.44141 0.18897 0.56167 0.15180 
1 1.00000 0.00000 0.29202 0.13582 0.45331 0.16808 0.51783 -0.0050 0.52632 0.20883 0.52462 -0.1663 0.47368 -0.0475 0.55518 0.03905 0.81664 -0.2241 0.42445 -0.0424 0.34975 0.06621 0.28183 -0.2088 0.51731 -0.0317 0.50369 -0.0335 0.34635 0.09847 0.70798 -0.0186 0.39559 -0.0322 
0 0.00000 0.00000 0.00000 0.00000 1.00000 1.00000 1.00000 1.00000 0.00000 0.00000 0.00000 0.00000 -1.0000 -1.0000 0.00000 0.00000 -1.0000 -1.0000 0.00000 0.00000 0.00000 0.00000 1.00000 1.00000 0.00000 0.00000 1.00000 1.00000 0.00000 0.00000 -1.0000 1.00000 0.00000 0.00000 
1 1.00000 0.00000 0.26667 -0.1000 0.53333 0.00000 0.33333 -0.1333 0.36667 0.11667 0.56667 0.01667 0.71667 0.08333 0.70000 -0.0666 0.53333 0.20000 0.41667 -0.0166 0.31667 0.20000 0.70000 0.00000 0.25000 0.13333 0.46214 0.05439 0.40000 0.03333 0.46667 0.03333 0.41667 -0.0500 
0 1.00000 0.00000 0.50932 -0.9399 1.00000 0.26708 -0.0352 -1.0000 1.00000 -1.0000 0.43685 -1.0000 0.00000 0.00000 -1.0000 -0.3426 -0.3768 0.03623 1.00000 -1.0000 0.00000 0.00000 0.00000 0.00000 -0.1625 0.92236 0.39752 0.26501 0.00000 0.00000 1.00000 0.23188 0.00000 0.00000 
1 1.00000 0.00000 0.99701 0.21677 0.91966 0.47030 0.76902 0.62415 0.53312 0.78120 0.36774 0.88291 0.10107 0.83312 -0.0682 0.89274 -0.2826 0.72073 -0.4370 0.61688 -0.5576 0.48120 -0.6500 0.35534 -0.6465 0.15908 -0.6665 0.02277 -0.6487 -0.1346 -0.5461 -0.2294 -0.4720 -0.3503 
0 0.00000 0.00000 0.00000 0.00000 0.00000 0.00000 0.00000 0.00000 0.00000 0.00000 0.00000 0.00000 0.00000 0.00000 0.00000 0.00000 0.00000 0.00000 0.00000 0.00000 0.00000 0.00000 0.00000 0.00000 0.00000 0.00000 1.00000 0.00000 0.00000 0.00000 0.00000 0.00000 0.00000 0.00000 
1 1.00000 0.00000 0.66667 -0.0136 0.97404 0.06831 0.49590 0.50137 0.75683 -0.0027 0.65164 -0.1407 0.40164 -0.4890 0.39208 0.58743 0.76776 0.31831 0.78552 0.11339 0.47541 -0.4494 1.00000 0.00683 0.60656 0.06967 0.68656 0.17088 0.87568 0.07787 0.55328 0.24590 0.13934 0.48087 
1 1.00000 0.00000 0.60000 0.03333 0.63333 0.06667 0.70000 0.06667 0.70000 0.00000 0.63333 0.00000 0.80000 0.00000 0.73333 0.00000 0.70000 0.10000 0.66667 0.10000 0.73333 -0.0333 0.76667 0.00000 0.63333 0.13333 0.65932 0.10168 0.60000 0.13333 0.60000 0.16667 0.63333 0.16667 
1 1.00000 0.00000 0.94333 0.38574 0.48263 0.64534 0.21572 0.77514 -0.5594 0.64899 -0.7367 0.42048 -0.7605 0.00000 -0.6270 -0.3107 -0.3839 -0.6215 -0.1279 -0.6928 0.49909 -0.6362 0.71481 -0.3766 0.73857 -0.0548 0.60098 0.30384 0.45521 0.60512 0.02742 0.54479 -0.2157 0.50457 
1 1.00000 0.00000 1.00000 0.14286 1.00000 0.71429 1.00000 0.71429 1.00000 -0.1428 0.85714 -0.1428 1.00000 0.02534 1.00000 0.00000 0.42857 -0.1428 1.00000 0.03617 1.00000 -0.2857 1.00000 0.00000 0.28571 -0.2857 1.00000 0.04891 1.00000 0.05182 1.00000 0.57143 1.00000 0.00000 
1 1.00000 0.00000 1.00000 -0.0117 1.00000 -0.0034 1.00000 -0.0156 1.00000 -0.0156 1.00000 -0.0280 1.00000 -0.0218 0.99828 -0.0308 0.99528 -0.0323 0.99314 -0.0345 1.00000 -0.0388 1.00000 -0.0503 1.00000 -0.0493 0.99842 -0.0552 0.99400 -0.0630 0.99057 -0.0649 0.98971 -0.0666 
1 1.00000 0.00000 1.00000 -0.0618 1.00000 0.02942 1.00000 -0.0513 1.00000 -0.0170 1.00000 -0.1172 0.84493 -0.0520 0.93392 -0.0659 0.69170 -0.0737 0.65731 -0.2036 0.94910 -0.3155 0.80852 -0.3165 0.84932 -0.3483 0.72529 -0.2917 0.73094 -0.3857 0.54356 -0.2628 0.64207 -0.3948 
0 1.00000 0.00000 -0.5418 0.14861 -0.3374 0.73375 0.52012 -0.1393 0.31889 -0.0681 0.20743 -0.1517 0.47368 0.08978 0.56347 -0.1548 0.16409 0.45201 0.33746 0.03406 0.50464 0.07121 -0.6377 -0.6161 1.00000 0.65635 0.41348 -0.4011 -0.1517 0.11146 0.02399 0.55820 0.52632 -0.0897 
1 1.00000 0.00000 0.95659 0.08143 0.97487 -0.0566 0.97165 -0.0848 0.96097 -0.0656 0.94717 0.01279 0.95436 -0.1679 0.94612 -0.1949 0.99630 -0.3226 0.90343 -0.3590 0.91428 -0.2731 0.90140 -0.2980 0.99899 -0.4074 0.87244 -0.3458 0.92059 -0.3061 0.83951 -0.3906 0.82166 -0.4117 
0 0.00000 0.00000 -1.0000 1.00000 0.00000 0.00000 0.00000 0.00000 -1.0000 1.00000 1.00000 1.00000 0.00000 0.00000 0.00000 0.00000 1.00000 -1.0000 -1.0000 1.00000 1.00000 1.00000 0.00000 0.00000 -1.0000 -1.0000 1.00000 -1.0000 1.00000 1.00000 -1.0000 1.00000 0.00000 0.00000 
1 1.00000 0.00000 1.00000 -0.4145 1.00000 0.76131 0.87060 0.18593 1.00000 -0.0992 0.93844 0.47990 0.65452 -0.1608 1.00000 0.00879 0.97613 -0.5012 0.80025 -0.2449 0.88065 -0.1909 1.00000 -0.1231 0.93593 0.10678 0.92890 -0.0724 1.00000 -0.2738 0.43970 0.19849 0.51382 -0.0540 
0 0.00000 0.00000 0.00000 0.00000 0.00000 0.00000 0.00000 0.00000 0.00000 0.00000 0.00000 0.00000 0.00000 0.00000 0.00000 0.00000 0.00000 0.00000 0.00000 0.00000 0.00000 0.00000 0.00000 0.00000 0.00000 0.00000 1.00000 1.00000 0.00000 0.00000 0.00000 0.00000 0.00000 0.00000 
0 0.00000 0.00000 1.00000 -1.0000 1.00000 -1.0000 1.00000 -1.0000 1.00000 -1.0000 1.00000 1.00000 1.00000 1.00000 1.00000 -1.0000 1.00000 1.00000 1.00000 1.00000 1.00000 1.00000 1.00000 -1.0000 1.00000 -1.0000 1.00000 -1.0000 1.00000 0.65625 0.00000 0.00000 1.00000 -1.0000 
0 0.00000 0.00000 -1.0000 -1.0000 0.00000 0.00000 0.00000 0.00000 0.00000 0.00000 0.00000 0.00000 0.00000 0.00000 1.00000 -1.0000 0.00000 0.00000 -1.0000 -1.0000 0.00000 0.00000 1.00000 1.00000 1.00000 -1.0000 1.00000 -1.0000 0.00000 0.00000 0.00000 0.00000 0.00000 0.00000 
1 1.00000 0.00000 1.00000 -0.0108 1.00000 -0.0270 1.00000 -0.0648 0.95135 -0.0162 0.98919 -0.0324 0.98919 0.08649 1.00000 -0.0648 0.95135 0.09189 0.97838 -0.0054 1.00000 0.06486 1.00000 0.04324 0.97838 0.09189 0.98556 0.01251 1.00000 -0.0324 1.00000 0.02703 1.00000 -0.0702 
1 1.00000 0.00000 1.00000 0.04078 1.00000 0.11982 1.00000 0.16159 1.00000 0.27921 0.98703 0.30889 0.92745 0.37639 0.91118 0.39749 0.81939 0.46059 0.78619 0.46994 0.79400 0.56282 0.70331 0.58129 0.67077 0.59723 0.58903 0.60990 0.53952 0.60932 0.45312 0.63636 0.40442 0.62658 
0 0.00000 0.00000 1.00000 1.00000 1.00000 -1.0000 1.00000 1.00000 1.00000 1.00000 1.00000 1.00000 1.00000 1.00000 1.00000 1.00000 1.00000 -1.0000 -1.0000 1.00000 -1.0000 1.00000 -1.0000 1.00000 1.00000 -1.0000 1.00000 1.00000 -1.0000 1.00000 -1.0000 -1.0000 -1.0000 1.00000 
1 1.00000 0.00000 0.93972 0.28082 0.80486 0.52821 0.58167 0.73151 0.34961 0.80511 0.10797 0.90403 -0.2001 0.89335 -0.3973 0.82163 -0.5883 0.62867 -0.7630 0.40368 -0.8126 0.18888 -0.8131 -0.0428 -0.7527 -0.2688 -0.6323 -0.4643 -0.4642 -0.6144 -0.2638 -0.7083 -0.0893 -0.7127 
1 1.00000 0.00000 0.73523 -0.3829 0.80151 0.10278 0.78826 0.15266 0.55580 0.05252 1.00000 0.21225 0.71947 0.28954 0.68798 0.32925 0.49672 0.17287 0.64333 -0.0284 0.57399 0.42528 0.53120 0.44872 0.94530 0.57549 0.44174 0.48200 0.12473 1.00000 0.35070 0.49721 0.30588 0.49831 
0 1.00000 0.00000 0.59840 0.40332 0.82809 0.80521 0.76001 0.70709 0.84010 -0.1098 0.97311 0.07981 0.95824 -0.8572 0.91962 0.88444 0.95452 -0.0520 0.88673 0.18135 0.98484 -0.6959 0.86670 -0.8575 0.28604 -0.3006 1.00000 0.17076 0.62958 0.42677 0.87757 0.81007 0.81979 0.68822 
0 1.00000 0.00000 0.00000 0.00000 0.00000 0.00000 0.00000 0.00000 0.00000 0.00000 1.00000 -0.3333 0.16667 0.26042 0.00000 0.00000 0.00000 0.00000 0.00000 0.00000 -0.1979 -0.2187 -0.1666 0.90625 -1.0000 0.50000 0.04167 0.75000 -0.2291 -1.0000 -0.1250 -0.2708 -0.1979 -0.9375 
1 1.00000 0.00000 0.47090 0.22751 0.42328 0.33598 0.25661 0.47619 0.01852 0.49471 -0.0211 0.53968 -0.3412 0.31217 -0.4127 0.32540 -0.5158 0.06878 -0.5000 -0.1164 -0.1481 -0.1455 -0.1481 -0.3809 -0.2328 0.00265 0.03574 -0.3173 0.15873 -0.2169 0.24868 -0.2433 0.26720 0.04233 
1 1.00000 0.00000 1.00000 0.16801 0.99352 0.16334 0.94616 0.33347 0.91759 0.22610 0.91408 0.37107 0.84250 0.46899 0.81011 0.49225 0.78473 0.48311 0.65091 0.56977 0.56553 0.58071 0.55586 0.64720 0.48311 0.55236 0.43317 0.69129 0.35684 0.76147 0.33921 0.66844 0.22101 0.78685 
0 1.00000 0.00000 0.00000 0.00000 0.98919 -0.2270 0.18919 -0.0540 0.00000 0.00000 0.93243 0.07297 1.00000 -0.2000 1.00000 0.07027 1.00000 -0.1135 0.00000 0.00000 1.00000 -0.2108 1.00000 -0.4162 0.00000 0.00000 1.00000 -0.1756 0.00000 0.00000 1.00000 -0.2594 0.28919 -0.1567 
1 1.00000 0.00000 0.86284 0.19310 0.80920 0.41149 0.67203 0.55785 0.54559 0.69962 0.36705 0.81533 0.19617 0.85671 -0.0406 0.86284 -0.1724 0.75785 -0.3410 0.65747 -0.4819 0.56092 -0.6023 0.40996 -0.5923 0.25747 -0.6303 0.08818 -0.5724 -0.0781 -0.5486 -0.1992 -0.4291 -0.3195 
1 1.00000 0.00000 0.96355 -0.0719 1.00000 -0.1433 1.00000 -0.2131 1.00000 -0.3617 0.92570 -0.4356 0.94510 -0.4066 0.90392 -0.4638 0.98305 -0.3525 0.84537 -0.6602 0.75346 -0.6058 0.69637 -0.6422 0.85106 -0.6544 0.57577 -0.6971 0.25435 -0.6391 0.45114 -0.7277 0.38895 -0.7342 
1 1.00000 0.00000 0.88853 0.01631 0.92007 0.01305 0.92442 0.01359 0.89179 -0.1022 0.90103 -0.0842 0.93040 -0.0103 0.93094 -0.0891 0.86025 -0.0505 0.89451 -0.0402 0.88418 -0.1212 0.88907 -0.1190 0.82980 -0.1413 0.86453 -0.1180 0.85536 -0.1305 0.83524 -0.1245 0.86786 -0.1223 
1 1.00000 0.00000 0.32789 0.11042 0.15970 0.29308 0.14020 0.74485 -0.2513 0.91993 -0.1650 0.26664 -0.6371 0.24865 -0.9765 -0.0033 -0.2322 -0.1990 -0.3052 -0.4888 -0.1442 -0.8999 0.09345 -0.2891 0.28307 -0.1856 0.39599 -0.1149 0.31005 0.05614 0.21443 0.20540 0.13376 0.26422 
0 1.00000 0.00000 1.00000 1.00000 0.00000 0.00000 0.00000 0.00000 0.00000 0.00000 0.47744 -0.8909 -0.5150 0.45489 -0.9548 0.28571 0.64662 1.00000 0.00000 0.00000 0.00000 0.00000 0.62030 0.20301 -1.0000 -1.0000 1.00000 -1.0000 1.00000 1.00000 0.00000 0.00000 0.00000 0.00000 
1 1.00000 0.00000 0.99449 0.00526 0.84082 -0.1131 0.88237 -0.1643 0.99061 -0.0625 0.96484 -0.0749 0.85221 0.02966 0.87161 -0.2084 0.93881 -0.1297 0.98298 -0.0893 0.89876 0.00075 0.87836 -0.0588 0.93368 -0.1987 0.87579 -0.1780 0.94294 -0.1658 0.80253 -0.2574 0.76586 -0.2779 
1 1.00000 0.00000 0.60678 -0.0271 0.67119 0.04068 0.52881 -0.0440 0.50508 0.03729 0.70508 -0.0779 0.57966 -0.0203 0.53220 0.07797 0.64068 0.11864 0.56949 -0.0237 0.53220 0.00678 0.71525 -0.0339 0.52881 -0.0339 0.57262 0.00750 0.58644 -0.0033 0.58983 -0.0271 0.50169 0.06780 
1 1.00000 0.00000 0.76046 0.01092 0.86335 0.00258 0.85821 0.00384 0.79988 0.02304 0.81504 0.12068 0.83096 0.00744 0.81815 0.00854 0.82777 -0.0697 0.76531 0.03881 0.76979 0.01148 0.75071 0.01232 0.77138 -0.0030 0.70886 0.01370 0.66161 0.00849 0.66298 0.01484 0.63887 0.01525 
1 1.00000 0.00000 0.50466 -0.1690 0.71442 0.01513 0.71063 0.02258 0.68065 0.01282 0.34615 0.05594 0.69050 0.04393 0.68101 0.05058 0.67023 0.05692 0.63403 -0.0466 0.64503 0.06856 0.63077 0.07381 0.84033 0.18065 0.59935 0.08304 0.38228 0.06760 0.56466 0.09046 0.54632 0.09346 
1 1.00000 0.00000 1.00000 0.28046 1.00000 0.02477 1.00000 0.07764 1.00000 0.04317 0.98762 0.33266 1.00000 0.05489 1.00000 0.04384 0.95750 -0.2459 0.84371 -0.0866 1.00000 0.04150 0.99933 0.27376 1.00000 -0.3905 0.96414 -0.0217 0.86747 0.23360 0.94578 -0.2202 0.80355 -0.0732 
1 1.00000 0.00000 0.83367 0.31456 0.65541 0.57671 0.34962 0.70677 0.17293 0.78947 -0.1897 0.79886 -0.4172 0.66541 -0.6842 0.47744 -0.7472 0.19492 -0.7218 -0.0488 -0.6203 -0.2819 -0.4916 -0.5346 -0.2657 -0.6601 -0.0153 -0.6970 0.22708 -0.6442 0.43100 -0.5120 0.64662 -0.3007 
1 1.00000 0.00000 0.91176 -0.0882 0.97059 0.17647 0.82353 0.08824 0.91176 -0.0294 0.97059 -0.1764 0.97059 0.14706 0.94118 0.02941 1.00000 0.00000 1.00000 0.00000 0.76471 0.11765 0.88235 0.02941 0.85294 0.02941 0.92663 0.02600 0.94118 -0.1176 0.97059 0.05882 0.91176 0.05882 
1 1.00000 0.00000 1.00000 0.11765 1.00000 0.23529 1.00000 0.41176 1.00000 0.05882 1.00000 0.23529 1.00000 0.11765 1.00000 0.47059 1.00000 -0.0588 1.00000 -0.1176 1.00000 0.35294 1.00000 0.41176 1.00000 -0.1176 1.00000 0.20225 1.00000 0.05882 1.00000 0.35294 1.00000 0.23529 
1 1.00000 0.00000 1.00000 -0.9245 1.00000 0.75472 0.49057 -0.0566 0.62264 0.00000 1.00000 -0.0005 0.45283 0.07547 0.62264 -0.0566 0.98878 -0.0008 0.52830 0.00000 0.52830 0.07547 0.95190 -0.0011 1.00000 0.79245 0.92192 -0.0012 0.94340 -1.0000 1.00000 0.43396 0.43396 -0.1132 
0 1.00000 0.00000 0.94598 -0.0268 -1.0000 0.26131 -0.3639 0.35639 0.69258 -0.6342 1.00000 -0.0335 -0.2902 -0.0055 -0.5485 0.15452 0.91921 -0.4627 1.00000 -0.5042 -0.2973 -0.3145 -0.7386 0.37361 0.83872 -0.4673 0.52208 -0.5813 1.00000 -0.6139 -0.0963 0.20477 -0.0611 0.41913 
0 1.00000 0.00000 0.39179 -0.0634 0.97464 0.04328 1.00000 1.00000 0.35821 0.15299 0.54478 0.13060 0.61567 -0.8209 0.57836 0.67910 0.66791 -0.1044 0.46642 -0.1156 0.65574 0.14792 0.83209 0.45522 0.47015 0.16418 0.49309 0.14630 0.32463 -0.0261 0.39118 0.13521 0.34411 0.12755 
1 1.00000 0.00000 1.00000 0.05149 0.99363 0.10123 0.96142 0.14756 0.95513 -0.2649 0.66026 0.54701 0.80426 0.25283 0.73781 0.27380 0.66775 0.28714 0.59615 0.29304 0.52494 0.29200 0.45582 0.28476 0.39023 0.27226 0.32930 0.25553 0.27381 0.23568 0.22427 0.21378 0.18086 0.19083 
1 1.00000 0.00000 1.00000 -0.1589 0.72314 0.27686 0.83443 -0.5838 1.00000 -0.2820 1.00000 -0.4986 0.79962 -0.1252 0.76837 0.14638 1.00000 0.39337 1.00000 0.26590 0.96354 -0.0189 0.92599 -0.9133 1.00000 0.14803 1.00000 -0.1158 1.00000 -0.1112 1.00000 0.53372 1.00000 -0.5775 
1 1.00000 0.00000 0.92308 0.15451 0.86399 0.29757 0.72582 0.36790 0.70588 0.56830 0.57449 0.62719 0.43270 0.74676 0.31705 0.67697 0.19128 0.76818 0.04686 0.76171 -0.1206 0.76969 -0.1847 0.71327 -0.2929 0.65708 -0.3879 0.58553 -0.4679 0.50131 -0.5314 0.40732 -0.5623 0.35095 
1 1.00000 0.00000 0.83508 0.08298 0.73739 -0.1470 0.84349 -0.0556 0.90441 -0.0462 0.89391 0.13130 0.81197 0.06723 0.79307 -0.0892 1.00000 -0.0210 0.96639 0.06618 0.87605 0.01155 0.77521 0.06618 0.95378 -0.0420 0.83479 0.00123 1.00000 0.12815 0.86660 -0.1071 0.90546 -0.0430 
0 0.00000 0.00000 1.00000 1.00000 0.00000 0.00000 1.00000 -1.0000 1.00000 -1.0000 1.00000 1.00000 1.00000 1.00000 1.00000 -1.0000 1.00000 1.00000 1.00000 1.00000 1.00000 -1.0000 -1.0000 -1.0000 1.00000 -1.0000 1.00000 -1.0000 1.00000 1.00000 0.00000 0.00000 1.00000 -1.0000 
1 1.00000 0.00000 1.00000 0.06655 1.00000 -0.1838 1.00000 -0.2732 1.00000 -0.4310 1.00000 -0.4134 0.96232 -0.5187 0.90711 -0.5901 0.89230 -0.6647 0.69876 -0.7099 0.70645 -0.7632 0.63081 -0.8054 0.55867 -0.8912 0.47211 -0.8650 0.40303 -0.8367 0.30996 -0.8909 0.22995 -0.8915 
1 1.00000 0.00000 1.00000 0.50000 1.00000 0.25000 0.25000 1.00000 0.16851 0.91180 -0.1333 0.80454 -0.3410 0.60793 -0.4382 0.37856 -0.4366 0.16709 -0.3667 0.00678 -0.2647 -0.0902 -0.1617 -0.1296 -0.0778 -0.1274 -0.0208 -0.1024 0.01033 -0.0703 0.02224 -0.0414 0.02249 -0.0201 
1 1.00000 0.00000 0.98002 0.00075 1.00000 0.00000 0.98982 -0.0007 0.94721 0.02394 0.97700 0.02130 0.97888 0.03073 0.99170 0.02338 0.93929 0.05713 0.93552 0.05279 0.97738 0.05524 1.00000 0.06241 0.94155 0.08107 0.96709 0.07255 0.95701 0.08088 0.98190 0.08126 0.97247 0.08616 
1 1.00000 0.00000 0.29073 0.10025 0.23308 0.17293 0.03759 0.34336 0.12030 0.26316 0.06266 0.21303 -0.0472 0.12767 -0.0633 0.07907 -0.0632 0.04097 -0.0543 0.01408 -0.0416 -0.0028 -0.0287 -0.0117 -0.0175 -0.0150 -0.0088 -0.0147 -0.0028 -0.0125 0.00096 -0.0094 0.00290 -0.0064 
0 0.00000 0.00000 -1.0000 -1.0000 1.00000 1.00000 1.00000 -1.0000 -1.0000 1.00000 1.00000 -1.0000 -1.0000 -1.0000 0.00000 0.00000 1.00000 1.00000 -1.0000 -1.0000 1.00000 -1.0000 1.00000 -1.0000 1.00000 1.00000 1.00000 -1.0000 1.00000 -1.0000 -1.0000 1.00000 1.00000 -1.0000 
1 1.00000 0.00000 1.00000 -0.0225 1.00000 -0.0449 1.00000 -0.0668 1.00000 -0.0879 1.00000 0.56173 1.00000 -0.1273 1.00000 -0.1452 1.00000 0.32407 1.00000 -0.1763 0.99484 -0.1894 0.95601 -0.2008 1.00000 -0.9228 0.87280 -0.2179 0.82920 -0.2237 0.78479 -0.2276 0.73992 -0.2298 
1 1.00000 0.00000 0.74704 -0.1324 0.53755 0.16996 0.72727 0.09486 0.69565 -0.1106 0.66798 -0.2351 0.87945 -0.1917 0.73715 0.04150 0.63043 -0.0039 0.63636 -0.1185 0.79249 -0.2529 0.66403 -0.2865 0.67194 -0.1047 0.61847 -0.1204 0.60079 -0.2094 0.37549 0.06917 0.61067 -0.0138 
1 1.00000 0.00000 0.97032 -0.1438 0.91324 -0.0022 0.96575 -0.1712 0.98630 0.18265 0.91781 0.00228 0.93607 -0.0844 0.91324 -0.0022 0.86758 -0.0867 0.97032 -0.2123 1.00000 0.10274 0.92009 -0.0525 0.92466 0.06849 0.94043 -0.0925 0.97032 -0.2009 0.85388 -0.0867 0.96575 -0.2191 
0 1.00000 0.00000 0.69444 0.38889 0.00000 0.00000 -0.32937 0.6984 0.00000 0.00000 0.00000 0.00000 0.00000 0.00000 0.20635 -0.2420 0.21032 0.19444 0.46429 0.78175 0.00000 0.00000 0.00000 0.00000 0.73413 0.27381 0.76190 0.63492 0.00000 0.00000 0.00000 0.00000 0.00000 0.00000 
1 1.00000 0.00000 1.00000 0.05070 1.00000 0.10827 1.00000 0.19498 1.00000 0.28453 1.00000 0.34826 1.00000 0.38261 0.94575 0.42881 0.89126 0.50391 0.75906 0.58801 0.80644 0.59962 0.79578 0.62758 0.66643 0.63942 0.59417 0.69435 0.49538 0.72684 0.47027 0.71689 0.33381 0.75243 
1 1.00000 0.00000 1.00000 -0.2842 1.00000 -0.2534 0.94623 -0.3509 1.00000 -0.3056 0.92736 -0.4905 0.90818 -0.4411 0.75723 -0.5889 0.69748 -0.5801 0.59623 -0.5757 0.68459 -0.7097 0.54465 -0.8732 0.49214 -0.7333 0.35504 -0.7605 0.26352 -0.7823 0.16604 -0.7314 0.13994 -0.7000 
0 1.00000 0.00000 0.00000 0.00000 0.00000 0.00000 0.00000 0.00000 0.00000 0.00000 0.00000 0.00000 -1.0000 1.00000 1.00000 0.55172 0.00000 0.00000 0.00000 0.00000 0.00000 0.00000 0.00000 0.00000 0.00000 0.00000 1.00000 1.00000 0.00000 0.00000 0.00000 0.00000 0.00000 0.00000 
0 1.00000 0.00000 0.84783 0.10598 1.00000 0.39130 1.00000 -1.0000 0.66938 0.08424 1.00000 0.27038 1.00000 0.60598 1.00000 0.35507 1.00000 0.02672 0.58424 -0.4302 1.00000 0.63496 0.89130 0.26585 0.91033 -0.3333 1.00000 0.15942 0.37681 -0.0194 1.00000 0.22464 1.00000 0.37409 
1 1.00000 0.00000 0.89505 -0.0316 0.87525 0.05545 0.89505 0.01386 0.92871 0.02772 0.91287 -0.0099 0.94059 -0.0158 0.91881 0.03366 0.93663 0.00000 0.94257 0.01386 0.90495 0.00792 0.88713 -0.0178 0.89307 0.02376 0.89002 0.01611 0.88119 0.00198 0.87327 0.04158 0.86733 0.02376 
1 1.00000 0.00000 0.95559 -0.0015 0.86421 -0.1324 0.94982 -0.0046 0.82809 -0.5117 0.92441 0.10368 1.00000 -0.1424 0.99264 -0.0254 0.95853 -0.1551 0.84013 0.61739 1.00000 -0.1632 0.87492 -0.0849 0.85741 -0.0166 0.84132 -0.0176 0.82427 -0.0186 0.80634 -0.0195 0.78761 -0.0203 
1 1.00000 0.00000 0.87111 0.04326 0.79946 0.18297 0.99009 0.29292 0.89455 -0.0833 0.88598 -0.0202 0.90446 -0.2672 0.89410 0.19964 0.88644 -0.0464 0.84452 -0.0099 0.97882 -0.3402 0.78954 -0.2510 0.86661 -0.0919 0.85967 -0.0290 0.78774 -0.0410 0.75935 0.21812 0.88238 0.09193 
1 1.00000 0.00000 0.97467 0.13082 0.94120 0.20036 0.88783 0.32248 0.89009 0.32711 0.85550 0.45217 0.72298 0.52284 0.69946 0.58820 0.58548 0.66893 0.48869 0.70398 0.44245 0.68159 0.35289 0.75622 0.26832 0.76210 0.16813 0.78541 0.07497 0.80439 -0.0296 0.77702 -0.1028 0.74242 
0 1.00000 0.00000 0.84557 -0.0858 -0.3174 -0.8055 -0.0896 -0.5643 0.80648 0.04576 0.89514 -0.0076 -0.1849 0.63966 -0.2001 -0.6806 0.85701 -0.1134 0.77979 -0.1572 -0.0695 0.50810 -0.3412 0.80934 0.78932 -0.0371 0.70882 -0.2528 0.77884 -0.1410 -0.2135 -0.7817 -0.1849 -0.5986 
1 1.00000 0.00000 0.34694 0.20408 0.46939 0.24490 0.40816 0.20408 0.46939 0.44898 0.30612 0.59184 0.12245 0.55102 0.00000 0.51020 -0.0612 0.55102 -0.2040 0.55102 -0.2857 0.44898 -0.2857 0.32653 -0.6122 0.22449 -0.4657 0.14895 -0.5918 0.18367 -0.3469 0.00000 -0.2653 -0.2449 
1 1.00000 0.00000 0.84710 0.13533 0.73638 -0.0615 0.87873 0.08260 0.88928 -0.0913 0.78735 0.06678 0.80668 -0.0035 0.79262 -0.0105 0.85764 -0.0456 0.87170 -0.0351 0.81722 -0.0949 0.71002 0.04394 0.86467 -0.1511 0.81147 -0.0482 0.78207 -0.0070 0.75747 -0.0667 0.85764 -0.0615 
1 1.00000 0.00000 0.97588 -0.1060 0.94601 -0.2080 0.92806 -0.2835 0.85996 -0.2734 0.79766 -0.4792 0.78225 -0.5076 0.74628 -0.6143 0.57945 -0.6808 0.37852 -0.7364 0.36324 -0.7656 0.31898 -0.7975 0.22792 -0.8163 0.13659 -0.8251 0.04606 -0.8239 -0.0426 -0.8131 -0.1383 -0.8097 
0 0.00000 0.00000 1.00000 -1.0000 0.00000 0.00000 0.00000 0.00000 1.00000 1.00000 1.00000 -1.0000 -0.7187 1.00000 0.00000 0.00000 -1.0000 1.00000 1.00000 1.00000 -1.0000 1.00000 1.00000 0.56250 -1.0000 1.00000 1.00000 1.00000 1.00000 -1.0000 1.00000 1.00000 1.00000 1.00000 
1 1.00000 0.00000 0.91767 0.18198 0.86090 0.35543 0.72873 0.45747 0.60425 0.69865 0.50376 0.74922 0.36100 0.81795 0.15664 0.83558 0.00396 0.85210 -0.1639 0.77853 -0.3599 0.76193 -0.4308 0.65385 -0.5314 0.53886 -0.6032 0.40972 -0.6451 0.27338 -0.6571 0.13667 -0.6405 0.05394 
