1 119.992 157.302 74.9970 0.00784 0.00007 0.00370 0.00554 0.01109 0.04374 0.42600 0.02182 0.03130 0.02971 0.06545 0.02211 21.0330 0.41478 0.815285 -4.8130 0.26648 2.30144 0.28465
1 122.400 148.650 113.819 0.00968 0.00008 0.00465 0.00696 0.01394 0.06134 0.62600 0.03134 0.04518 0.04368 0.09403 0.01929 19.0850 0.45835 0.819521 -4.0751 0.33559 2.48685 0.36867
1 116.682 131.111 111.555 0.01050 0.00009 0.00544 0.00781 0.01633 0.05233 0.48200 0.02757 0.03858 0.03590 0.08270 0.01309 20.6510 0.42989 0.825288 -4.4431 0.31117 2.34225 0.33263
1 116.676 137.871 111.366 0.00997 0.00009 0.00502 0.00698 0.01505 0.05492 0.51700 0.02924 0.04005 0.03772 0.08771 0.01353 20.6440 0.43496 0.819235 -4.1175 0.33414 2.40555 0.36897
1 116.014 141.781 110.655 0.01284 0.00011 0.00655 0.00908 0.01966 0.06425 0.58400 0.03490 0.04825 0.04465 0.10470 0.01767 19.6490 0.41735 0.823484 -3.7477 0.23451 2.33218 0.41033
1 120.552 131.162 113.787 0.00968 0.00008 0.00463 0.00750 0.01388 0.04701 0.45600 0.02328 0.03526 0.03243 0.06985 0.01222 21.3780 0.41556 0.825069 -4.2428 0.29911 2.18756 0.35777
1 120.267 137.244 114.820 0.00333 0.00003 0.00155 0.00202 0.00466 0.01608 0.14000 0.00779 0.00937 0.01351 0.02337 0.00607 24.8860 0.59604 0.764112 -5.6343 0.25768 1.85478 0.21175
1 107.332 113.840 104.315 0.00290 0.00003 0.00144 0.00182 0.00431 0.01567 0.13400 0.00829 0.00946 0.01256 0.02487 0.00344 26.8920 0.63742 0.763262 -6.1676 0.18372 2.06469 0.16375
1 95.7300 132.068 91.7540 0.00551 0.00006 0.00293 0.00332 0.00880 0.02093 0.19100 0.01073 0.01277 0.01717 0.03218 0.01070 21.8120 0.61555 0.773587 -5.4986 0.32776 2.32251 0.23157
1 95.0560 120.103 91.2260 0.00532 0.00006 0.00268 0.00332 0.00803 0.02838 0.25500 0.01441 0.01725 0.02444 0.04324 0.01022 21.8620 0.54703 0.798463 -5.0118 0.32599 2.43279 0.27136
1 88.3330 112.240 84.0720 0.00505 0.00006 0.00254 0.00330 0.00763 0.02143 0.19700 0.01079 0.01342 0.01892 0.03237 0.01166 21.1180 0.61113 0.776156 -5.2497 0.39100 2.40731 0.24974
1 91.9040 115.871 86.2920 0.00540 0.00006 0.00281 0.00336 0.00844 0.02752 0.24900 0.01424 0.01641 0.02214 0.04272 0.01141 21.4140 0.58339 0.792520 -4.9602 0.36356 2.64247 0.27593
1 136.926 159.866 131.276 0.00293 0.00002 0.00118 0.00153 0.00355 0.01259 0.11200 0.00656 0.00717 0.01140 0.01968 0.00581 25.7030 0.46060 0.646846 -6.5471 0.15281 2.04127 0.13851
1 139.173 179.139 76.5560 0.00390 0.00003 0.00165 0.00208 0.00496 0.01642 0.15400 0.00728 0.00932 0.01797 0.02184 0.01041 24.8890 0.43016 0.665833 -5.6602 0.25498 2.51942 0.19988
1 152.845 163.305 75.8360 0.00294 0.00002 0.00121 0.00149 0.00364 0.01828 0.15800 0.01064 0.00972 0.01246 0.03191 0.00609 24.9220 0.47479 0.654027 -6.1050 0.20365 2.12561 0.17010
1 142.167 217.455 83.1590 0.00369 0.00003 0.00157 0.00203 0.00471 0.01503 0.12600 0.00772 0.00888 0.01359 0.02316 0.00839 25.1750 0.56592 0.658245 -5.3401 0.21018 2.20554 0.23458
1 144.188 349.259 82.7640 0.00544 0.00004 0.00211 0.00292 0.00632 0.02047 0.19200 0.00969 0.01200 0.02074 0.02908 0.01859 22.3330 0.56738 0.644692 -5.4400 0.23976 2.26450 0.21816
1 168.778 232.181 75.6030 0.00718 0.00004 0.00284 0.00387 0.00853 0.03327 0.34800 0.01441 0.01893 0.03430 0.04322 0.02919 20.3760 0.63109 0.605417 -2.9310 0.43432 3.00746 0.43078
1 153.046 175.829 68.6230 0.00742 0.00005 0.00364 0.00432 0.01092 0.05517 0.54200 0.02471 0.03572 0.05767 0.07413 0.03160 17.2800 0.66531 0.719467 -3.9490 0.35787 3.10901 0.37742
1 156.405 189.398 142.822 0.00768 0.00005 0.00372 0.00399 0.01116 0.03995 0.34800 0.01721 0.02374 0.04310 0.05164 0.03365 17.1530 0.64955 0.686080 -4.5544 0.34017 2.85667 0.32211
1 153.848 165.738 65.7820 0.00840 0.00005 0.00428 0.00450 0.01285 0.03810 0.32800 0.01667 0.02383 0.04055 0.05000 0.03871 17.5360 0.66012 0.704087 -4.0954 0.26256 2.73971 0.36539
1 153.880 172.860 78.1280 0.00480 0.00003 0.00232 0.00267 0.00696 0.04137 0.37000 0.02021 0.02591 0.04525 0.06062 0.01849 19.4930 0.62901 0.698951 -5.1869 0.23762 2.55753 0.25976
1 167.930 193.221 79.0680 0.00442 0.00003 0.00220 0.00247 0.00661 0.04351 0.37700 0.02228 0.02540 0.04246 0.06685 0.01280 22.4680 0.61906 0.679834 -4.3309 0.26238 2.91677 0.28569
1 173.917 192.735 86.1800 0.00476 0.00003 0.00221 0.00258 0.00663 0.04192 0.36400 0.02187 0.02470 0.03772 0.06562 0.01840 20.4220 0.53726 0.686894 -5.2487 0.21027 2.54750 0.25355
1 163.656 200.841 76.7790 0.00742 0.00005 0.00380 0.00390 0.01140 0.01659 0.16400 0.00738 0.00948 0.01497 0.02214 0.01778 23.8310 0.39793 0.732479 -5.5574 0.22089 2.69217 0.21596
1 104.400 206.002 77.9680 0.00633 0.00006 0.00316 0.00375 0.00948 0.03767 0.38100 0.01732 0.02245 0.03780 0.05197 0.02887 22.0660 0.52274 0.737948 -5.5718 0.23685 2.84636 0.21951
1 171.041 208.313 75.5010 0.00455 0.00003 0.00250 0.00234 0.00750 0.01966 0.18600 0.00889 0.01169 0.01872 0.02666 0.01095 25.9080 0.41862 0.720916 -6.1835 0.22627 2.58970 0.14740
1 146.845 208.701 81.7370 0.00496 0.00003 0.00250 0.00275 0.00749 0.01919 0.19800 0.00883 0.01144 0.01826 0.02650 0.01328 25.1190 0.35877 0.726652 -6.2716 0.19610 2.31420 0.16299
1 155.358 227.383 80.0550 0.00310 0.00002 0.00159 0.00176 0.00476 0.01718 0.16100 0.00769 0.01012 0.01661 0.02307 0.00677 25.9700 0.47047 0.676258 -7.1209 0.27978 2.24174 0.10851
1 162.568 198.346 77.6300 0.00502 0.00003 0.00280 0.00253 0.00841 0.01791 0.16800 0.00793 0.01057 0.01799 0.02380 0.01170 25.6780 0.42778 0.723797 -6.6357 0.20986 1.95796 0.13524
0 197.076 206.896 192.055 0.00289 0.00001 0.00166 0.00168 0.00498 0.01098 0.09700 0.00563 0.00680 0.00802 0.01689 0.00339 26.7750 0.42222 0.741367 -7.3483 0.17755 1.74386 0.08556
0 199.228 209.512 192.091 0.00241 0.00001 0.00134 0.00138 0.00402 0.01015 0.08900 0.00504 0.00641 0.00762 0.01513 0.00167 30.9400 0.43243 0.742055 -7.6825 0.17331 2.10310 0.06850
0 198.383 215.203 193.104 0.00212 0.00001 0.00113 0.00135 0.00339 0.01263 0.11100 0.00640 0.00825 0.00951 0.01919 0.00119 30.7750 0.46594 0.738703 -7.0679 0.17518 1.51227 0.09632
0 202.266 211.604 197.079 0.00180 0.00001 0.00093 0.00107 0.00278 0.00954 0.08500 0.00469 0.00606 0.00719 0.01407 0.00072 32.6840 0.36853 0.742133 -7.6957 0.17854 1.54460 0.05614
0 203.184 211.526 196.160 0.00178 0.00001 0.00094 0.00106 0.00283 0.00958 0.08500 0.00468 0.00610 0.00726 0.01403 0.00065 33.0470 0.34006 0.741899 -7.9649 0.16351 1.42328 0.04453
0 201.464 210.565 195.708 0.00198 0.00001 0.00105 0.00115 0.00314 0.01194 0.10700 0.00586 0.00760 0.00957 0.01758 0.00135 31.7320 0.34425 0.742737 -7.7776 0.17018 2.44706 0.05761
1 177.876 192.921 168.013 0.00411 0.00002 0.00233 0.00241 0.00700 0.02126 0.18900 0.01154 0.01347 0.01612 0.03463 0.00586 23.2160 0.36014 0.778834 -6.1496 0.21803 2.47708 0.16582
1 176.170 185.604 163.564 0.00369 0.00002 0.00205 0.00218 0.00616 0.01851 0.16800 0.00938 0.01160 0.01491 0.02814 0.00340 24.9510 0.34143 0.783626 -6.0064 0.19637 2.53652 0.17321
1 180.198 201.249 175.456 0.00284 0.00002 0.00153 0.00166 0.00459 0.01444 0.13100 0.00726 0.00885 0.01190 0.02177 0.00231 26.7380 0.40388 0.766209 -6.4520 0.21229 2.26939 0.14192
1 187.733 202.324 173.015 0.00316 0.00002 0.00168 0.00182 0.00504 0.01663 0.15100 0.00829 0.01003 0.01366 0.02488 0.00265 26.3100 0.39679 0.758324 -6.0066 0.26689 2.38254 0.16069
1 186.163 197.724 177.584 0.00298 0.00002 0.00165 0.00175 0.00496 0.01495 0.13500 0.00774 0.00941 0.01233 0.02321 0.00231 26.8220 0.32648 0.765623 -6.6473 0.20109 2.37407 0.13055
1 184.055 196.537 166.977 0.00258 0.00001 0.00134 0.00147 0.00403 0.01463 0.13200 0.00742 0.00901 0.01234 0.02226 0.00257 26.4530 0.30644 0.759203 -7.0441 0.06341 2.36153 0.11573
0 237.226 247.326 225.227 0.00298 0.00001 0.00169 0.00182 0.00507 0.01752 0.16400 0.01035 0.01024 0.01133 0.03104 0.00740 22.7360 0.30506 0.654172 -7.3105 0.09864 2.41683 0.09503
0 241.404 248.834 232.483 0.00281 0.00001 0.00157 0.00173 0.00470 0.01760 0.15400 0.01006 0.01038 0.01251 0.03017 0.00675 23.1450 0.45770 0.634267 -6.7935 0.15826 2.25669 0.11739
0 243.439 250.912 232.435 0.00210 0.00001 0.00109 0.00137 0.00327 0.01419 0.12600 0.00777 0.00898 0.01033 0.02330 0.00454 25.3680 0.43829 0.635285 -7.0578 0.09160 2.33071 0.09147
0 242.852 255.034 227.911 0.00225 0.00001 0.00117 0.00139 0.00350 0.01494 0.13400 0.00847 0.00879 0.01014 0.02542 0.00476 25.0320 0.43128 0.638928 -6.9958 0.10208 2.36580 0.10270
0 245.510 262.090 231.848 0.00235 0.00001 0.00127 0.00148 0.00380 0.01608 0.14100 0.00906 0.00977 0.01149 0.02719 0.00476 24.6020 0.46748 0.631653 -7.1560 0.12764 2.39212 0.09733
0 252.455 261.487 182.786 0.00185 0.00001 0.00092 0.00113 0.00276 0.01152 0.10300 0.00614 0.00730 0.00860 0.01841 0.00432 26.8050 0.61036 0.635204 -7.3195 0.20087 2.02861 0.08639
0 122.188 128.611 115.765 0.00524 0.00004 0.00169 0.00203 0.00507 0.01613 0.14300 0.00855 0.00776 0.01433 0.02566 0.00839 23.1620 0.57959 0.733659 -6.4393 0.26639 2.07992 0.13386
0 122.964 130.049 114.676 0.00428 0.00003 0.00124 0.00155 0.00373 0.01681 0.15400 0.00930 0.00802 0.01400 0.02789 0.00462 24.9710 0.53868 0.754073 -6.4820 0.26496 2.05441 0.12887
0 124.445 135.069 117.495 0.00431 0.00003 0.00141 0.00167 0.00422 0.02184 0.19700 0.01241 0.01024 0.01685 0.03724 0.00479 25.1350 0.55313 0.775933 -6.6504 0.25449 1.84019 0.10356
0 126.344 134.231 112.773 0.00448 0.00004 0.00131 0.00169 0.00393 0.02033 0.18500 0.01143 0.00959 0.01614 0.03429 0.00474 25.0300 0.50750 0.760361 -6.6891 0.29195 2.43185 0.10599
0 128.001 138.052 122.080 0.00436 0.00003 0.00137 0.00166 0.00411 0.02297 0.21000 0.01323 0.01072 0.01677 0.03969 0.00481 24.6920 0.45976 0.766204 -7.0724 0.22043 1.97229 0.11930
0 129.336 139.867 118.604 0.00490 0.00004 0.00165 0.00183 0.00495 0.02498 0.22800 0.01396 0.01219 0.01947 0.04188 0.00484 25.4290 0.42038 0.785714 -6.8368 0.26986 2.22371 0.14749
1 108.807 134.656 102.874 0.00761 0.00007 0.00349 0.00486 0.01046 0.02719 0.25500 0.01483 0.01609 0.02067 0.04450 0.01036 21.0280 0.53600 0.819032 -4.6495 0.20555 1.98689 0.31670
1 109.860 126.358 104.437 0.00874 0.00008 0.00398 0.00539 0.01193 0.03209 0.30700 0.01789 0.01992 0.02454 0.05368 0.01180 20.7670 0.55858 0.811843 -4.3335 0.22172 2.01460 0.34483
1 110.417 131.067 103.370 0.00784 0.00007 0.00352 0.00514 0.01056 0.03715 0.33400 0.02032 0.02302 0.02802 0.06097 0.00969 21.4220 0.54178 0.821364 -4.4384 0.23829 1.92294 0.33504
1 117.274 129.916 110.402 0.00752 0.00006 0.00299 0.00469 0.00898 0.02293 0.22100 0.01189 0.01459 0.01948 0.03568 0.00681 22.8170 0.53052 0.817756 -4.6082 0.29002 2.02159 0.31446
1 116.879 131.897 108.153 0.00788 0.00007 0.00334 0.00493 0.01003 0.02645 0.26500 0.01394 0.01625 0.02137 0.04183 0.00786 22.6030 0.54004 0.813432 -4.4767 0.26263 1.82701 0.32619
1 114.847 271.314 104.680 0.00867 0.00008 0.00373 0.00520 0.01120 0.03225 0.35000 0.01805 0.01974 0.02519 0.05414 0.01143 21.6600 0.54797 0.817396 -4.6091 0.22171 1.83169 0.31639
0 209.144 237.494 109.379 0.00282 0.00001 0.00147 0.00152 0.00442 0.01861 0.17000 0.00975 0.01258 0.01382 0.02925 0.00871 25.5540 0.34178 0.678874 -7.0405 0.06699 2.46079 0.10151
0 223.365 238.987 98.6640 0.00264 0.00001 0.00154 0.00151 0.00461 0.01906 0.16500 0.01013 0.01296 0.01340 0.03039 0.00301 26.1380 0.44797 0.686264 -7.2938 0.08637 2.32156 0.09855
0 222.236 231.345 205.495 0.00266 0.00001 0.00152 0.00144 0.00457 0.01643 0.14500 0.00867 0.01108 0.01200 0.02602 0.00340 25.8560 0.36486 0.694399 -6.9663 0.09588 2.27868 0.10322
0 228.832 234.619 223.634 0.00296 0.00001 0.00175 0.00155 0.00526 0.01644 0.14500 0.00882 0.01075 0.01179 0.02647 0.00351 25.9640 0.25657 0.683296 -7.2456 0.01868 2.49822 0.09353
0 229.401 252.221 221.156 0.00205 0.00001 0.00114 0.00113 0.00342 0.01457 0.12900 0.00769 0.00957 0.01016 0.02308 0.00300 26.4150 0.27685 0.673636 -7.4962 0.05684 2.00303 0.07358
0 228.969 239.541 113.201 0.00238 0.00001 0.00136 0.00140 0.00408 0.01745 0.15400 0.00942 0.01160 0.01234 0.02827 0.00420 24.5470 0.30542 0.681811 -7.3142 0.00627 2.11859 0.09154
1 140.341 159.774 67.0210 0.00817 0.00006 0.00430 0.00440 0.01289 0.03198 0.31300 0.01830 0.01810 0.02428 0.05490 0.02183 19.5600 0.46013 0.720908 -5.4094 0.22685 2.35997 0.22615
1 136.969 166.607 66.0040 0.00923 0.00007 0.00507 0.00463 0.01520 0.03111 0.30800 0.01638 0.01759 0.02603 0.04914 0.02659 19.9790 0.49813 0.729067 -5.3245 0.20566 2.29155 0.22624
1 143.533 162.215 65.8090 0.01101 0.00008 0.00647 0.00467 0.01941 0.05384 0.47800 0.03152 0.02422 0.03392 0.09455 0.04882 20.3380 0.51323 0.731444 -5.8697 0.15181 2.11849 0.18558
1 148.090 162.824 67.3430 0.00762 0.00005 0.00467 0.00354 0.01400 0.05428 0.49700 0.03357 0.02494 0.03635 0.10070 0.02431 21.7180 0.48740 0.727313 -6.2611 0.12095 2.13707 0.14195
1 142.729 162.408 65.4760 0.00831 0.00006 0.00469 0.00419 0.01407 0.03485 0.36500 0.01868 0.01906 0.02949 0.05605 0.02599 20.2640 0.48934 0.730387 -5.7208 0.15883 2.27792 0.18082
1 136.358 176.595 65.7500 0.00971 0.00007 0.00534 0.00478 0.01601 0.04978 0.48300 0.02749 0.02466 0.03736 0.08247 0.03361 18.5700 0.54329 0.733232 -5.2079 0.22485 2.64227 0.24298
1 120.080 139.710 111.208 0.00405 0.00003 0.00180 0.00220 0.00540 0.01706 0.15200 0.00974 0.00925 0.01345 0.02921 0.00442 25.7420 0.49595 0.762959 -5.7918 0.32906 2.20502 0.18818
1 112.014 588.518 107.024 0.00533 0.00005 0.00268 0.00329 0.00805 0.02448 0.22600 0.01373 0.01375 0.01956 0.04120 0.00623 24.1780 0.50912 0.789532 -5.3891 0.30663 1.92870 0.22546
1 110.793 128.101 107.316 0.00494 0.00004 0.00260 0.00283 0.00780 0.02442 0.21600 0.01432 0.01325 0.01831 0.04295 0.00479 25.4380 0.43703 0.815908 -5.3133 0.20186 2.22581 0.24451
1 110.707 122.611 105.007 0.00516 0.00005 0.00277 0.00289 0.00831 0.02215 0.20600 0.01284 0.01219 0.01715 0.03851 0.00472 25.1970 0.46351 0.807217 -5.4775 0.31507 1.86209 0.22862
1 112.876 148.826 106.981 0.00500 0.00004 0.00270 0.00289 0.00810 0.03999 0.35000 0.02413 0.02231 0.02704 0.07238 0.00905 23.3700 0.48953 0.789977 -5.7759 0.34116 2.00792 0.19391
1 110.568 125.394 106.821 0.00462 0.00004 0.00226 0.00280 0.00677 0.02199 0.19700 0.01284 0.01199 0.01636 0.03852 0.00420 25.8200 0.42948 0.816340 -5.3910 0.25057 1.77790 0.23274
1 95.3850 102.145 90.2640 0.00608 0.00006 0.00331 0.00332 0.00994 0.03202 0.26300 0.01803 0.01886 0.02455 0.05408 0.01062 21.8750 0.64400 0.779612 -5.1152 0.24949 2.01775 0.26001
1 100.770 115.697 85.5450 0.01038 0.00010 0.00622 0.00576 0.01865 0.03121 0.36100 0.01773 0.01783 0.02139 0.05320 0.02220 19.2000 0.59438 0.790117 -4.9138 0.26569 2.39842 0.27794
1 96.1060 108.664 84.5100 0.00694 0.00007 0.00389 0.00415 0.01168 0.04024 0.36400 0.02266 0.02451 0.02876 0.06799 0.01823 19.0550 0.54400 0.770466 -4.4415 0.15509 2.64595 0.32797
1 95.6050 107.715 87.5490 0.00702 0.00007 0.00428 0.00371 0.01283 0.03156 0.29600 0.01792 0.01841 0.02190 0.05377 0.01825 19.6590 0.57600 0.778747 -5.1320 0.21045 2.23257 0.26063
1 100.960 110.019 95.6280 0.00606 0.00006 0.00351 0.00348 0.01053 0.02427 0.21600 0.01371 0.01421 0.01751 0.04114 0.01237 20.5360 0.55461 0.787896 -5.0222 0.14694 2.42830 0.26466
1 98.8040 102.305 87.8040 0.00432 0.00004 0.00247 0.00258 0.00742 0.02223 0.20200 0.01277 0.01343 0.01552 0.03831 0.00882 22.2440 0.57600 0.772416 -6.0253 0.07820 2.05360 0.17727
1 176.858 205.560 75.3440 0.00747 0.00004 0.00418 0.00420 0.01254 0.04795 0.43500 0.02679 0.03022 0.03510 0.08037 0.05470 13.8930 0.55649 0.729586 -5.2889 0.34307 3.09930 0.24211
1 180.978 200.125 155.495 0.00406 0.00002 0.00220 0.00244 0.00659 0.03852 0.33100 0.02107 0.02493 0.02877 0.06321 0.02782 16.1760 0.58357 0.727747 -5.6578 0.31590 3.09825 0.20042
1 178.222 202.450 141.047 0.00321 0.00002 0.00163 0.00194 0.00488 0.03759 0.32700 0.02073 0.02415 0.02784 0.06219 0.03151 15.9240 0.59871 0.712199 -6.3669 0.33575 2.65427 0.14461
1 176.281 227.381 125.610 0.00520 0.00003 0.00287 0.00312 0.00862 0.06511 0.58000 0.03671 0.04159 0.04683 0.11012 0.04824 13.9220 0.60287 0.740837 -5.5150 0.29954 3.13655 0.22096
1 173.898 211.350 74.6770 0.00448 0.00003 0.00237 0.00254 0.00710 0.06727 0.65000 0.03788 0.04254 0.04802 0.11363 0.04214 14.7390 0.59937 0.743937 -5.7832 0.29979 3.00709 0.19405
1 179.711 225.930 144.878 0.00709 0.00004 0.00391 0.00419 0.01172 0.04313 0.44200 0.02297 0.02768 0.03455 0.06892 0.07223 11.8660 0.59095 0.745526 -4.3794 0.37553 3.67115 0.33208
1 166.605 206.008 78.0320 0.00742 0.00004 0.00387 0.00453 0.01161 0.06640 0.63400 0.03650 0.04282 0.05114 0.10949 0.08725 11.7440 0.65341 0.733165 -4.5089 0.38923 3.31758 0.30195
1 151.955 163.335 147.226 0.00419 0.00003 0.00224 0.00227 0.00672 0.07959 0.77200 0.04421 0.04962 0.05690 0.13262 0.01658 19.6640 0.50103 0.714360 -6.4114 0.20715 2.34487 0.13412
1 148.272 164.989 142.299 0.00459 0.00003 0.00250 0.00256 0.00750 0.04190 0.38300 0.02383 0.02521 0.03051 0.07150 0.01914 18.7800 0.45444 0.734504 -5.9520 0.08784 2.34433 0.18648
1 152.125 161.469 76.5960 0.00382 0.00003 0.00191 0.00226 0.00574 0.05925 0.63700 0.03341 0.03794 0.04398 0.10024 0.01211 20.9690 0.44745 0.697790 -6.1525 0.17352 2.08012 0.16080
1 157.821 172.975 68.4010 0.00358 0.00002 0.00196 0.00196 0.00587 0.03716 0.30700 0.02062 0.02321 0.02764 0.06185 0.00850 22.2190 0.50238 0.712170 -6.2514 0.18805 2.14385 0.16081
1 157.447 163.267 149.605 0.00369 0.00002 0.00201 0.00197 0.00602 0.03272 0.28300 0.01813 0.01909 0.02571 0.05439 0.01018 21.6930 0.44728 0.705658 -6.2470 0.18052 2.34434 0.16491
1 159.116 168.913 144.811 0.00342 0.00002 0.00178 0.00184 0.00535 0.03381 0.30700 0.01806 0.02024 0.02809 0.05417 0.00852 22.6630 0.36632 0.693429 -6.4174 0.19462 2.47323 0.15170
1 125.036 143.946 116.187 0.01280 0.00010 0.00743 0.00623 0.02228 0.03886 0.34200 0.02135 0.02174 0.03088 0.06406 0.08151 15.3380 0.62957 0.714485 -4.0200 0.26531 2.67182 0.34062
1 125.791 140.557 96.2060 0.01378 0.00011 0.00826 0.00655 0.02478 0.04689 0.42200 0.02542 0.02630 0.03908 0.07625 0.10323 15.4330 0.57101 0.690892 -5.1591 0.20214 2.44161 0.26037
1 126.512 141.756 99.7700 0.01936 0.00015 0.01159 0.00990 0.03476 0.06734 0.65900 0.03611 0.03963 0.05783 0.10833 0.16744 12.4350 0.63854 0.674953 -3.7603 0.24286 2.63463 0.37848
1 125.641 141.068 116.346 0.03316 0.00026 0.02144 0.01522 0.06433 0.09178 0.89100 0.05358 0.04791 0.06196 0.16074 0.31482 8.86700 0.67129 0.656846 -3.7005 0.26048 2.99106 0.37096
1 128.451 150.449 75.6320 0.01551 0.00012 0.00905 0.00909 0.02716 0.06170 0.58400 0.03223 0.03672 0.05174 0.09669 0.11843 15.0600 0.63980 0.643327 -4.2027 0.31016 2.63827 0.35688
1 139.224 586.567 66.1570 0.03011 0.00022 0.01854 0.01628 0.05563 0.09419 0.93000 0.05551 0.05005 0.06023 0.16654 0.25930 10.4890 0.59636 0.641418 -3.2694 0.27064 2.69091 0.44477
1 150.258 154.609 75.3490 0.00248 0.00002 0.00105 0.00136 0.00315 0.01131 0.10700 0.00522 0.00659 0.01009 0.01567 0.00495 26.7590 0.29688 0.722356 -6.8783 0.08926 2.00405 0.11394
1 154.003 160.267 128.621 0.00183 0.00001 0.00076 0.00100 0.00229 0.01030 0.09400 0.00469 0.00582 0.00871 0.01406 0.00243 28.4090 0.26365 0.691483 -7.1115 0.14478 2.06547 0.09319
1 149.689 160.368 133.608 0.00257 0.00002 0.00116 0.00134 0.00349 0.01346 0.12600 0.00660 0.00818 0.01059 0.01979 0.00578 27.4210 0.36548 0.719974 -6.9974 0.21027 1.99438 0.11287
1 155.078 163.736 144.148 0.00168 0.00001 0.00068 0.00092 0.00204 0.01064 0.09700 0.00522 0.00632 0.00928 0.01567 0.00233 29.7460 0.33417 0.677930 -6.9812 0.18455 2.12992 0.10680
1 151.884 157.765 133.751 0.00258 0.00002 0.00115 0.00122 0.00346 0.01450 0.13700 0.00633 0.00788 0.01267 0.01898 0.00659 26.8330 0.39356 0.700246 -6.6000 0.24917 2.49914 0.10530
1 151.989 157.339 132.857 0.00174 0.00001 0.00075 0.00096 0.00225 0.01024 0.09300 0.00455 0.00576 0.00993 0.01364 0.00238 29.9280 0.31136 0.676066 -6.7391 0.16068 2.29687 0.11513
1 193.030 208.900 80.2970 0.00766 0.00004 0.00450 0.00389 0.01351 0.03044 0.27500 0.01771 0.01815 0.02084 0.05312 0.00947 21.9340 0.49755 0.740539 -5.8450 0.27867 2.60874 0.18566
1 200.714 223.982 89.6860 0.00621 0.00003 0.00371 0.00337 0.01112 0.02286 0.20700 0.01192 0.01439 0.01852 0.03576 0.00704 23.2390 0.43608 0.727863 -5.2583 0.25645 2.55096 0.23252
1 208.519 220.315 199.020 0.00609 0.00003 0.00368 0.00339 0.01105 0.01761 0.15500 0.00952 0.01058 0.01307 0.02855 0.00830 22.4070 0.33809 0.712466 -6.4714 0.18437 2.50233 0.13639
1 204.664 221.300 189.621 0.00841 0.00004 0.00502 0.00485 0.01506 0.02378 0.21000 0.01277 0.01483 0.01767 0.03831 0.01316 21.3050 0.49887 0.722085 -4.8763 0.21205 2.37674 0.26814
1 210.141 232.706 185.258 0.00534 0.00003 0.00321 0.00280 0.00964 0.01680 0.14900 0.00861 0.01017 0.01301 0.02583 0.00620 23.6710 0.44109 0.722254 -5.9630 0.25028 2.48919 0.17780
1 206.327 226.355 92.0200 0.00495 0.00002 0.00302 0.00246 0.00905 0.02105 0.20900 0.01107 0.01284 0.01604 0.03320 0.01048 21.8640 0.33150 0.715121 -6.7297 0.18170 2.93811 0.11551
1 151.872 492.892 69.0850 0.00856 0.00006 0.00404 0.00385 0.01211 0.01843 0.23500 0.00796 0.00832 0.01271 0.02389 0.06051 23.6930 0.40770 0.662668 -4.6732 0.26154 2.70235 0.27440
1 158.219 442.557 71.9480 0.00476 0.00003 0.00214 0.00207 0.00642 0.01458 0.14800 0.00606 0.00747 0.01312 0.01818 0.01554 26.3560 0.45079 0.653823 -6.0512 0.27328 2.64079 0.17010
1 170.756 450.247 79.0320 0.00555 0.00003 0.00244 0.00261 0.00731 0.01725 0.17500 0.00757 0.00971 0.01652 0.02270 0.01802 25.6900 0.48673 0.676023 -4.5978 0.37211 2.97588 0.28278
1 178.285 442.824 82.0630 0.00462 0.00003 0.00157 0.00194 0.00472 0.01279 0.12900 0.00617 0.00744 0.01151 0.01851 0.00856 25.0200 0.47042 0.655239 -4.9131 0.39305 2.81678 0.25197
1 217.116 233.481 93.9780 0.00404 0.00002 0.00127 0.00128 0.00381 0.01299 0.12400 0.00679 0.00631 0.01075 0.02038 0.00681 24.5810 0.46251 0.582710 -5.5171 0.38929 2.92586 0.22065
1 128.940 479.697 88.2510 0.00581 0.00005 0.00241 0.00314 0.00723 0.02008 0.22100 0.00849 0.01117 0.01734 0.02548 0.02350 24.7430 0.48775 0.684130 -6.1861 0.27993 2.68624 0.15242
1 176.824 215.293 83.9610 0.00460 0.00003 0.00209 0.00221 0.00628 0.01169 0.11700 0.00534 0.00630 0.01104 0.01603 0.01161 27.1660 0.40008 0.656182 -4.7110 0.28161 2.65574 0.23480
1 138.190 203.522 83.3400 0.00704 0.00005 0.00406 0.00398 0.01218 0.04479 0.44100 0.02587 0.02567 0.03220 0.07761 0.01968 18.3050 0.53801 0.741480 -5.4187 0.16026 2.09043 0.22989
1 182.018 197.173 79.1870 0.00842 0.00005 0.00506 0.00449 0.01517 0.02503 0.23100 0.01372 0.01580 0.01931 0.04115 0.01813 18.7840 0.58995 0.732903 -5.4451 0.14246 2.17430 0.21555
1 156.239 195.107 79.8200 0.00694 0.00004 0.00403 0.00395 0.01209 0.02343 0.22400 0.01289 0.01420 0.01720 0.03867 0.02020 19.1960 0.61866 0.728421 -5.9441 0.14335 1.92971 0.18198
1 145.174 198.109 80.6370 0.00733 0.00005 0.00414 0.00422 0.01242 0.02362 0.23300 0.01235 0.01495 0.01944 0.03706 0.01874 18.8570 0.63751 0.735546 -5.5942 0.12795 1.76595 0.22271
1 138.145 197.238 81.1140 0.00544 0.00004 0.00294 0.00327 0.00883 0.02791 0.24600 0.01484 0.01805 0.02259 0.04451 0.01794 18.1780 0.62320 0.738245 -5.5403 0.08716 1.82129 0.21407
1 166.888 198.966 79.5120 0.00638 0.00004 0.00368 0.00351 0.01104 0.02857 0.25700 0.01547 0.01859 0.02301 0.04641 0.01796 18.3300 0.58516 0.736964 -5.8252 0.11569 1.99614 0.19653
1 119.031 127.533 109.216 0.00440 0.00004 0.00214 0.00192 0.00641 0.01033 0.09800 0.00538 0.00570 0.00811 0.01614 0.01724 26.8420 0.45754 0.699787 -6.8900 0.15294 2.32851 0.11285
1 120.078 126.632 105.667 0.00270 0.00002 0.00116 0.00135 0.00349 0.01022 0.09000 0.00476 0.00588 0.00903 0.01428 0.00487 26.3690 0.49134 0.718839 -5.8920 0.19597 2.10887 0.18357
1 120.289 128.143 100.209 0.00492 0.00004 0.00269 0.00238 0.00808 0.01412 0.12500 0.00703 0.00820 0.01194 0.02110 0.01610 23.9490 0.46716 0.724045 -6.1352 0.20363 2.53972 0.16992
1 120.256 125.306 104.773 0.00407 0.00003 0.00224 0.00205 0.00671 0.01516 0.13800 0.00721 0.00815 0.01310 0.02164 0.01015 26.0170 0.46862 0.735136 -6.1126 0.21701 2.52774 0.17063
1 119.056 125.213 86.7950 0.00346 0.00003 0.00169 0.00170 0.00508 0.01201 0.10600 0.00633 0.00701 0.00915 0.01898 0.00903 23.3890 0.47097 0.721308 -5.4361 0.25490 2.51632 0.23220
1 118.747 123.723 109.836 0.00331 0.00003 0.00168 0.00171 0.00504 0.01043 0.09900 0.00490 0.00621 0.00903 0.01471 0.00504 25.6190 0.48229 0.723096 -6.4481 0.17871 2.03482 0.14142
1 106.516 112.777 93.1050 0.00589 0.00006 0.00291 0.00319 0.00873 0.04932 0.44100 0.02683 0.03112 0.03651 0.08050 0.03031 17.0600 0.63781 0.744064 -5.3013 0.32038 2.37513 0.24308
1 110.453 127.611 105.554 0.00494 0.00004 0.00244 0.00315 0.00731 0.04128 0.37900 0.02229 0.02592 0.03316 0.06688 0.02529 17.7070 0.65342 0.706687 -5.3336 0.32204 2.63179 0.22831
1 113.400 133.344 107.816 0.00451 0.00004 0.00219 0.00283 0.00658 0.04879 0.43100 0.02385 0.02973 0.04370 0.07154 0.02278 19.0130 0.64790 0.708144 -4.3789 0.30006 2.44550 0.25945
1 113.166 130.270 100.673 0.00502 0.00004 0.00257 0.00312 0.00772 0.05279 0.47600 0.02896 0.03347 0.04134 0.08689 0.03690 16.7470 0.62536 0.708617 -4.6548 0.30410 2.67236 0.27438
1 112.239 126.609 104.095 0.00472 0.00004 0.00238 0.00290 0.00715 0.05643 0.51700 0.03070 0.03530 0.04451 0.09211 0.02629 17.3660 0.64094 0.701404 -5.6345 0.30601 2.41925 0.20919
1 116.150 131.731 109.815 0.00381 0.00003 0.00181 0.00232 0.00542 0.03026 0.26700 0.01514 0.01812 0.02770 0.04543 0.01827 18.8010 0.62481 0.696049 -5.8663 0.23307 2.44564 0.18498
1 170.368 268.796 79.5430 0.00571 0.00003 0.00232 0.00269 0.00696 0.03273 0.28100 0.01713 0.01964 0.02824 0.05139 0.02485 18.5400 0.67713 0.685057 -4.7968 0.39774 2.96379 0.27722
1 208.083 253.792 91.8020 0.00757 0.00004 0.00428 0.00428 0.01285 0.06725 0.57100 0.04016 0.04003 0.04464 0.12047 0.04238 15.6480 0.60634 0.665945 -5.4103 0.28891 2.66513 0.23172
1 198.458 219.290 148.691 0.00376 0.00002 0.00182 0.00215 0.00546 0.03527 0.29700 0.02055 0.02076 0.02530 0.06165 0.01728 18.7020 0.60627 0.661735 -5.5852 0.31074 2.46552 0.20986
1 202.805 231.508 86.2320 0.00370 0.00002 0.00189 0.00211 0.00568 0.01997 0.18000 0.01117 0.01177 0.01506 0.03350 0.02010 18.6870 0.53610 0.632631 -5.8986 0.21335 2.47074 0.18903
1 202.544 241.350 164.168 0.00254 0.00001 0.00100 0.00133 0.00301 0.02662 0.22800 0.01475 0.01558 0.02006 0.04426 0.01049 20.6800 0.49748 0.630409 -6.1326 0.22061 2.57656 0.15977
1 223.361 263.872 87.6380 0.00352 0.00002 0.00169 0.00188 0.00506 0.02536 0.22500 0.01379 0.01478 0.01909 0.04137 0.01493 20.3660 0.56684 0.574282 -5.4568 0.34523 2.84055 0.23286
1 169.774 191.759 151.451 0.01568 0.00009 0.00863 0.00946 0.02589 0.08143 0.82100 0.03804 0.05426 0.08808 0.11411 0.07530 12.3590 0.56161 0.793509 -3.2976 0.41475 3.41364 0.45753
1 183.520 216.814 161.340 0.01466 0.00008 0.00849 0.00819 0.02546 0.06050 0.61800 0.02865 0.04101 0.06359 0.08595 0.06057 14.3670 0.47802 0.768974 -4.2766 0.35573 3.14236 0.33608
1 188.620 216.302 165.982 0.01719 0.00009 0.00996 0.01027 0.02987 0.07118 0.72200 0.03474 0.04580 0.06824 0.10422 0.08069 12.2980 0.55287 0.764036 -3.3773 0.33535 3.27486 0.41864
1 202.632 565.740 177.258 0.01627 0.00008 0.00919 0.00963 0.02756 0.07170 0.83300 0.03515 0.04265 0.06460 0.10546 0.07889 14.9890 0.42762 0.775708 -4.8924 0.26228 2.91021 0.27017
1 186.695 211.961 149.442 0.01872 0.00010 0.01075 0.01154 0.03225 0.05830 0.78400 0.02699 0.03714 0.06259 0.08096 0.10952 12.5290 0.50782 0.762726 -4.4843 0.34025 2.95881 0.30148
1 192.818 224.429 168.793 0.03107 0.00016 0.01800 0.01958 0.05401 0.11908 1.30200 0.05647 0.07940 0.13778 0.16942 0.21713 8.44100 0.62586 0.768320 -2.4340 0.45049 3.07922 0.52736
1 198.116 233.099 174.478 0.02714 0.00014 0.01568 0.01699 0.04705 0.08684 1.01800 0.04284 0.05556 0.08318 0.12851 0.16265 9.44900 0.58416 0.754449 -2.8397 0.35622 3.18402 0.45472
1 121.345 139.644 98.2500 0.00684 0.00006 0.00388 0.00332 0.01164 0.02534 0.24100 0.01340 0.01399 0.02056 0.04019 0.04179 21.5200 0.56686 0.670475 -4.8651 0.24640 2.01353 0.16858
1 119.100 128.442 88.8330 0.00692 0.00006 0.00393 0.00300 0.01179 0.02682 0.23600 0.01484 0.01405 0.02018 0.04451 0.04611 21.8240 0.65168 0.659333 -4.2390 0.17569 2.45113 0.24745
1 117.870 127.349 95.6540 0.00647 0.00005 0.00356 0.00300 0.01067 0.03087 0.27600 0.01659 0.01804 0.02402 0.04977 0.02631 22.4310 0.62830 0.652025 -3.5837 0.20791 2.43959 0.20625
1 122.336 142.369 94.7940 0.00727 0.00006 0.00415 0.00339 0.01246 0.02293 0.22300 0.01205 0.01289 0.01771 0.03615 0.03191 22.9530 0.61167 0.623731 -5.4351 0.23053 2.69964 0.22054
1 117.963 134.209 100.757 0.01813 0.00015 0.01117 0.00718 0.03351 0.04912 0.43800 0.02610 0.02161 0.02916 0.07830 0.10748 19.0750 0.63054 0.646786 -3.4444 0.30321 2.96456 0.26130
1 126.144 154.284 97.5430 0.00975 0.00008 0.00593 0.00454 0.01778 0.02852 0.26600 0.01500 0.01581 0.02157 0.04499 0.03828 21.5340 0.63501 0.627337 -5.0700 0.28009 2.89230 0.24970
1 127.930 138.752 112.173 0.00605 0.00005 0.00321 0.00318 0.00962 0.03235 0.33900 0.01360 0.01650 0.03105 0.04079 0.02663 19.6510 0.65494 0.675865 -5.4984 0.23419 2.10301 0.21663
1 114.238 124.393 77.0220 0.00581 0.00005 0.00299 0.00316 0.00896 0.04009 0.40600 0.01579 0.01994 0.04114 0.04736 0.02073 20.4370 0.65313 0.694571 -5.1859 0.25922 2.15112 0.24494
1 115.322 135.738 107.802 0.00619 0.00005 0.00352 0.00329 0.01057 0.03273 0.32500 0.01644 0.01722 0.02931 0.04933 0.02810 19.3880 0.57780 0.684373 -5.2830 0.22652 2.44290 0.23828
1 114.554 126.778 91.1210 0.00651 0.00006 0.00366 0.00340 0.01097 0.03658 0.36900 0.01864 0.01940 0.03091 0.05592 0.02707 18.9540 0.68515 0.719576 -5.5298 0.24275 2.40868 0.22052
1 112.150 131.669 97.5270 0.00519 0.00005 0.00291 0.00284 0.00873 0.01756 0.15500 0.00967 0.01033 0.01363 0.02902 0.01435 21.2190 0.55704 0.673086 -5.6171 0.18489 1.87187 0.21238
1 102.273 142.830 85.9020 0.00907 0.00009 0.00493 0.00461 0.01480 0.02814 0.27200 0.01579 0.01553 0.02073 0.04736 0.03882 18.4470 0.67137 0.674562 -2.9293 0.39674 2.56042 0.36723
0 236.200 244.663 102.137 0.00277 0.00001 0.00154 0.00153 0.00462 0.02448 0.21700 0.01410 0.01426 0.01621 0.04231 0.00620 24.0780 0.46992 0.628232 -6.8160 0.17227 2.23519 0.11965
0 237.323 243.709 229.256 0.00303 0.00001 0.00173 0.00159 0.00519 0.01242 0.11600 0.00696 0.00747 0.00882 0.02089 0.00533 24.6790 0.38486 0.626710 -7.0180 0.17631 1.85240 0.09160
0 260.105 264.919 237.303 0.00339 0.00001 0.00205 0.00186 0.00616 0.02030 0.19700 0.01186 0.01230 0.01367 0.03557 0.00910 21.0830 0.44098 0.628058 -7.5179 0.16041 1.88176 0.07558
0 197.569 217.627 90.7940 0.00803 0.00004 0.00490 0.00448 0.01470 0.02177 0.18900 0.01279 0.01272 0.01439 0.03836 0.01337 19.2690 0.37222 0.725216 -5.7367 0.16452 2.88245 0.20287
0 240.301 245.135 219.783 0.00517 0.00002 0.00316 0.00283 0.00949 0.02018 0.21200 0.01176 0.01191 0.01344 0.03529 0.00965 21.0200 0.37183 0.646167 -7.1697 0.07329 2.26643 0.10088
0 244.990 272.210 239.170 0.00451 0.00002 0.00279 0.00237 0.00837 0.01897 0.18100 0.01084 0.01121 0.01255 0.03253 0.01049 21.5280 0.52281 0.646818 -7.3045 0.17108 2.09523 0.09622
0 112.547 133.374 105.715 0.00355 0.00003 0.00166 0.00190 0.00499 0.01358 0.12900 0.00664 0.00786 0.01140 0.01992 0.00435 26.4360 0.41329 0.756700 -6.3235 0.21888 2.19341 0.16037
0 110.739 113.597 100.139 0.00356 0.00003 0.00170 0.00200 0.00510 0.01484 0.13300 0.00754 0.00950 0.01285 0.02261 0.00430 26.5500 0.36909 0.776158 -6.0855 0.19237 1.88900 0.17415
0 113.715 116.443 96.9130 0.00349 0.00003 0.00171 0.00203 0.00514 0.01472 0.13300 0.00748 0.00905 0.01148 0.02245 0.00478 26.5470 0.38025 0.766700 -5.9435 0.19215 1.85254 0.17967
0 117.004 144.466 99.9230 0.00353 0.00003 0.00176 0.00218 0.00528 0.01657 0.14500 0.00881 0.01062 0.01318 0.02643 0.00590 25.4450 0.38748 0.756482 -6.0125 0.22929 1.87294 0.16311
0 115.380 123.109 108.634 0.00332 0.00003 0.00160 0.00199 0.00480 0.01503 0.13700 0.00812 0.00933 0.01133 0.02436 0.00401 26.0050 0.40599 0.761255 -5.9667 0.19793 1.97485 0.18406
0 116.388 129.038 108.970 0.00346 0.00003 0.00169 0.00213 0.00507 0.01725 0.15500 0.00874 0.01021 0.01331 0.02623 0.00415 26.1430 0.36123 0.763242 -6.0168 0.10925 2.00471 0.17442
1 151.737 190.204 129.859 0.00314 0.00002 0.00135 0.00162 0.00406 0.01469 0.13200 0.00728 0.00886 0.01230 0.02184 0.00570 24.1510 0.39661 0.745957 -6.4868 0.19791 2.44976 0.13270
1 148.790 158.359 138.990 0.00309 0.00002 0.00152 0.00186 0.00456 0.01574 0.14200 0.00839 0.00956 0.01309 0.02518 0.00488 24.4120 0.40259 0.762508 -6.3119 0.18245 2.25155 0.16030
1 148.143 155.982 135.041 0.00392 0.00003 0.00204 0.00231 0.00612 0.01450 0.13100 0.00725 0.00876 0.01263 0.02175 0.00540 23.6830 0.39849 0.778349 -5.7112 0.24087 2.84510 0.19273
1 150.440 163.441 144.736 0.00396 0.00003 0.00206 0.00233 0.00619 0.02551 0.23700 0.01321 0.01574 0.02148 0.03964 0.00611 23.1330 0.35239 0.759320 -6.2614 0.18321 2.26422 0.14410
1 148.462 161.078 141.998 0.00397 0.00003 0.00202 0.00235 0.00605 0.01831 0.16300 0.00950 0.01103 0.01559 0.02849 0.00639 22.8660 0.40859 0.768845 -5.7040 0.21620 2.67918 0.19771
1 149.818 163.417 144.786 0.00336 0.00002 0.00174 0.00198 0.00521 0.02145 0.19800 0.01155 0.01341 0.01666 0.03464 0.00595 23.0080 0.32957 0.757180 -6.2771 0.10939 2.20902 0.15636
0 117.226 123.925 106.656 0.00417 0.00004 0.00186 0.00270 0.00558 0.01909 0.17100 0.00864 0.01223 0.01949 0.02592 0.00955 23.0790 0.60351 0.669565 -5.6190 0.19157 2.02722 0.21572
0 116.848 217.552 99.5030 0.00531 0.00005 0.00260 0.00346 0.00780 0.01795 0.16300 0.00810 0.01144 0.01756 0.02429 0.01179 22.0850 0.66384 0.656516 -5.1988 0.20676 2.12041 0.25240
0 116.286 177.291 96.9830 0.00314 0.00003 0.00134 0.00192 0.00403 0.01564 0.13600 0.00667 0.00990 0.01691 0.02001 0.00737 24.1990 0.59851 0.654331 -5.5925 0.13391 2.05865 0.21434
0 116.556 592.030 86.2280 0.00496 0.00004 0.00254 0.00263 0.00762 0.01660 0.15400 0.00820 0.00972 0.01491 0.02460 0.01397 23.9580 0.56642 0.667654 -6.4311 0.15331 2.16193 0.12060
0 116.342 581.289 94.2460 0.00267 0.00002 0.00115 0.00148 0.00345 0.01300 0.11700 0.00631 0.00789 0.01144 0.01892 0.00680 25.0230 0.52848 0.663884 -6.3590 0.11663 2.15208 0.13886
0 114.563 119.167 86.6470 0.00327 0.00003 0.00146 0.00184 0.00439 0.01185 0.10600 0.00557 0.00721 0.01095 0.01672 0.00703 24.7750 0.55530 0.659132 -6.7102 0.14969 1.91399 0.12177
0 201.774 262.707 78.2280 0.00694 0.00003 0.00412 0.00396 0.01235 0.02574 0.25500 0.01454 0.01582 0.01758 0.04363 0.04441 19.3680 0.50847 0.683761 -6.9344 0.15989 2.31634 0.11283
0 174.188 230.978 94.2610 0.00459 0.00003 0.00263 0.00259 0.00790 0.04087 0.40500 0.02336 0.02498 0.02745 0.07008 0.02764 19.5170 0.44843 0.657899 -6.5385 0.12195 2.65747 0.13305
0 209.516 253.017 89.4880 0.00564 0.00003 0.00331 0.00292 0.00994 0.02751 0.26300 0.01604 0.01657 0.01879 0.04812 0.01810 19.1470 0.43167 0.683244 -6.1953 0.12930 2.78431 0.16889
0 174.688 240.005 74.2870 0.01360 0.00008 0.00624 0.00564 0.01873 0.02308 0.25600 0.01268 0.01365 0.01667 0.03804 0.10715 17.8830 0.40756 0.655683 -6.7871 0.15845 2.67977 0.13172
0 198.764 396.961 74.9040 0.00740 0.00004 0.00370 0.00390 0.01109 0.02296 0.24100 0.01265 0.01321 0.01588 0.03794 0.07223 19.0200 0.45122 0.643956 -6.7445 0.20745 2.13860 0.12330
0 214.289 260.277 77.9730 0.00567 0.00003 0.00295 0.00317 0.00885 0.01884 0.19000 0.01026 0.01161 0.01373 0.03078 0.04398 21.2090 0.46280 0.664357 -5.7240 0.19066 2.55547 0.14856