1 15.260 14.840 0.8710 5.7630 3.3120 2.2210 5.2200
1 14.880 14.570 0.8811 5.5540 3.3330 1.0180 4.9560
1 14.290 14.090 0.9050 5.2910 3.3370 2.6990 4.8250
1 13.840 13.940 0.8955 5.3240 3.3790 2.2590 4.8050
1 16.140 14.990 0.9034 5.6580 3.5620 1.3550 5.1750
1 14.380 14.210 0.8951 5.3860 3.3120 2.4620 4.9560
1 14.690 14.490 0.8799 5.5630 3.2590 3.5860 5.2190
1 14.110 14.100 0.8911 5.4200 3.3020 2.7000 000005
1 16.630 15.460 0.8747 6.0530 3.4650 2.0400 5.8770
1 16.440 15.250 0.8880 5.8840 3.5050 1.9690 5.5330
1 15.260 14.850 0.8696 5.7140 3.2420 4.5430 5.3140
1 14.030 14.160 0.8796 5.4380 3.2010 1.7170 5.0010
1 13.890 14.020 0.8880 5.4390 3.1990 3.9860 4.7380
1 13.780 14.060 0.8759 5.4790 3.1560 3.1360 4.8720
1 13.740 14.050 0.8744 5.4820 3.1140 2.9320 4.8250
1 14.590 14.280 0.8993 5.3510 3.3330 4.1850 4.7810
1 13.990 13.830 0.9183 5.1190 3.3830 5.2340 4.7810
1 15.690 14.750 0.9058 5.5270 3.5140 1.5990 5.0460
1 14.700 14.210 0.9153 5.2050 3.4660 1.7670 4.6490
1 12.720 13.570 0.8686 5.2260 3.0490 4.1020 4.9140
1 14.160 14.400 0.8584 5.6580 3.1290 3.0720 5.1760
1 14.110 14.260 0.8722 5.5200 3.1680 2.6880 5.2190
1 15.880 14.900 0.8988 5.6180 3.5070 0.7651 5.0910
1 12.080 13.230 0.8664 5.0990 2.9360 1.4150 4.9610
1 15.010 14.760 0.8657 5.7890 3.2450 1.7910 5.0010
1 16.190 15.160 0.8849 5.8330 3.4210 0.9030 5.3070
1 13.020 13.760 0.8641 5.3950 3.0260 3.3730 4.8250
1 12.740 13.670 0.8564 5.3950 2.9560 2.5040 4.8690
1 14.110 14.180 0.8820 5.5410 3.2210 2.7540 5.0380
1 13.450 14.020 0.8604 5.5160 3.0650 3.5310 5.0970
1 13.160 13.820 0.8662 5.4540 2.9750 0.8551 5.0560
1 15.490 14.940 0.8724 5.7570 3.3710 3.4120 5.2280
1 14.090 14.410 0.8529 5.7170 3.1860 3.9200 5.2990
1 13.940 14.170 0.8728 5.5850 3.1500 2.1240 5.0120
1 15.050 14.680 0.8779 5.7120 3.3280 2.1290 5.3600
1 16.120 000015 0.9000 5.7090 3.4850 2.2700 5.4430
1 16.200 15.270 0.8734 5.8260 3.4640 2.8230 5.5270
1 17.080 15.380 0.9079 5.8320 3.6830 2.9560 5.4840
1 14.800 14.520 0.8823 5.6560 3.2880 3.1120 5.3090
1 14.280 14.170 0.8944 5.3970 3.2980 6.6850 5.0010
1 13.540 13.850 0.8871 5.3480 3.1560 2.5870 5.1780
1 13.500 13.850 0.8852 5.3510 3.1580 2.2490 5.1760
1 13.160 13.550 0.9009 5.1380 3.2010 2.4610 4.7830
1 15.500 14.860 0.8820 5.8770 3.3960 4.7110 5.5280
1 15.110 14.540 0.8986 5.5790 3.4620 3.1280 5.1800
1 13.800 14.040 0.8794 5.3760 3.1550 1.5600 4.9610
1 15.360 14.760 0.8861 5.7010 3.3930 1.3670 5.1320
1 14.990 14.560 0.8883 5.5700 3.3770 2.9580 5.1750
1 14.790 14.520 0.8819 5.5450 3.2910 2.7040 5.1110
1 14.860 14.670 0.8676 5.6780 3.2580 2.1290 5.3510
1 14.430 14.400 0.8751 5.5850 3.2720 3.9750 5.1440
1 15.780 14.910 0.8923 5.6740 3.4340 5.5930 5.1360
1 14.490 14.610 0.8538 5.7150 3.1130 4.1160 5.3960
1 14.330 14.280 0.8831 5.5040 3.1990 3.3280 5.2240
1 14.520 14.600 0.8557 5.7410 3.1130 1.4810 5.4870
1 15.030 14.770 0.8658 5.7020 3.2120 1.9330 5.4390
1 14.460 14.350 0.8818 5.3880 3.3770 2.8020 5.0440
1 14.920 14.430 0.9006 5.3840 3.4120 1.1420 5.0880
1 15.380 14.770 0.8857 5.6620 3.4190 1.9990 5.2220
1 12.110 13.470 0.8392 5.1590 3.0320 1.5020 4.5190
1 11.420 12.860 0.8683 5.0080 2.8500 2.7000 4.6070
1 11.230 12.630 0.8840 4.9020 2.8790 2.2690 4.7030
1 12.360 13.190 0.8923 5.0760 3.0420 3.2200 4.6050
1 13.220 13.840 0.8680 5.3950 3.0700 4.1570 5.0880
1 12.780 13.570 0.8716 5.2620 3.0260 1.1760 4.7820
1 12.880 13.500 0.8879 5.1390 3.1190 2.3520 4.6070
1 14.340 14.370 0.8726 5.6300 3.1900 1.3130 5.1500
1 14.010 14.290 0.8625 5.6090 3.1580 2.2170 5.1320
1 14.370 14.390 0.8726 5.5690 3.1530 1.4640 5.3000
1 12.730 13.750 0.8458 5.4120 2.8820 3.5330 5.0670
2 17.630 15.980 0.8673 6.1910 3.5610 4.0760 6.0600
2 16.840 15.670 0.8623 5.9980 3.4840 4.6750 5.8770
2 17.260 15.730 0.8763 5.9780 3.5940 4.5390 5.7910
2 19.110 16.260 0.9081 6.1540 3.9300 2.9360 6.0790
2 16.820 15.510 0.8786 6.0170 3.4860 4.0040 5.8410
2 16.770 15.620 0.8638 5.9270 3.4380 4.9200 5.7950
2 17.320 15.910 0.8599 6.0640 3.4030 3.8240 5.9220
2 20.710 17.230 0.8763 6.5790 3.8140 4.4510 6.4510
2 18.940 16.490 0.8750 6.4450 3.6390 5.0640 6.3620
2 17.120 15.550 0.8892 5.8500 3.5660 2.8580 5.7460
2 16.530 15.340 0.8823 5.8750 3.4670 5.5320 5.8800
2 18.720 16.190 0.8977 6.0060 3.8570 5.3240 5.8790
2 20.200 16.890 0.8894 6.2850 3.8640 5.1730 6.1870
2 19.570 16.740 0.8779 6.3840 3.7720 1.4720 6.2730
2 19.510 16.710 0.8780 6.3660 3.8010 2.9620 6.1850
2 18.270 16.090 0.8870 6.1730 3.6510 2.4430 6.1970
2 18.880 16.260 0.8969 6.0840 3.7640 1.6490 6.1090
2 18.980 16.660 0.8590 6.5490 3.6700 3.6910 6.4980
2 21.180 17.210 0.8989 6.5730 4.0330 5.7800 6.2310
2 20.880 17.050 0.9031 6.4500 4.0320 5.0160 6.3210
2 20.100 16.990 0.8746 6.5810 3.7850 1.9550 6.4490
2 18.760 16.200 0.8984 6.1720 3.7960 3.1200 6.0530
2 18.810 16.290 0.8906 6.2720 3.6930 3.2370 6.0530
2 18.590 16.050 0.9066 6.0370 3.8600 6.0010 5.8770
2 18.360 16.520 0.8452 6.6660 3.4850 4.9330 6.4480
2 16.870 15.650 0.8648 6.1390 3.4630 3.6960 5.9670
2 19.310 16.590 0.8815 6.3410 3.8100 3.4770 6.2380
2 18.980 16.570 0.8687 6.4490 3.5520 2.1440 6.4530
2 18.170 16.260 0.8637 6.2710 3.5120 2.8530 6.2730
2 18.720 16.340 0.8810 6.2190 3.6840 2.1880 6.0970
2 16.410 15.250 0.8866 5.7180 3.5250 4.2170 5.6180
2 17.990 15.860 0.8992 5.8900 3.6940 2.0680 5.8370
2 19.460 16.500 0.8985 6.1130 3.8920 4.3080 6.0090
2 19.180 16.630 0.8717 6.3690 3.6810 3.3570 6.2290
2 18.950 16.420 0.8829 6.2480 3.7550 3.3680 6.1480
2 18.830 16.290 0.8917 6.0370 3.7860 2.5530 5.8790
2 18.850 16.170 0.9056 6.1520 3.8060 2.8430 6.2000
2 17.630 15.860 0.8800 6.0330 3.5730 3.7470 5.9290
2 19.940 16.920 0.8752 6.6750 3.7630 3.2520 6.5500
2 18.550 16.220 0.8865 6.1530 3.6740 1.7380 5.8940
2 18.450 16.120 0.8921 6.1070 3.7690 2.2350 5.7940
2 19.380 16.720 0.8716 6.3030 3.7910 3.6780 5.9650
2 19.130 16.310 0.9035 6.1830 3.9020 2.1090 5.9240
2 19.140 16.610 0.8722 6.2590 3.7370 6.6820 6.0530
2 20.970 17.250 0.8859 6.5630 3.9910 4.6770 6.3160
2 19.060 16.450 0.8854 6.4160 3.7190 2.2480 6.1630
2 18.960 16.200 0.9077 6.0510 3.8970 4.3340 5.7500
2 19.150 16.450 0.8890 6.2450 3.8150 3.0840 6.1850
2 18.890 16.230 0.9008 6.2270 3.7690 3.6390 5.9660
2 20.030 16.900 0.8811 6.4930 3.8570 3.0630 6.3200
2 20.240 16.910 0.8897 6.3150 3.9620 5.9010 6.1880
2 18.140 16.120 0.8772 6.0590 3.5630 3.6190 6.0110
2 16.170 15.380 0.8588 5.7620 3.3870 4.2860 5.7030
2 18.430 15.970 0.9077 5.9800 3.7710 2.9840 5.9050
2 15.990 14.890 0.9064 5.3630 3.5820 3.3360 5.1440
2 18.750 16.180 0.8999 6.1110 3.8690 4.1880 5.9920
2 18.650 16.410 0.8698 6.2850 3.5940 4.3910 6.1020
2 17.980 15.850 0.8993 5.9790 3.6870 2.2570 5.9190
2 20.160 17.030 0.8735 6.5130 3.7730 1.9100 6.1850
2 17.550 15.660 0.8991 5.7910 3.6900 5.3660 5.6610
2 18.300 15.890 0.9108 5.9790 3.7550 2.8370 5.9620
2 18.940 16.320 0.8942 6.1440 3.8250 2.9080 5.9490
2 15.380 14.900 0.8706 5.8840 3.2680 4.4620 5.7950
2 16.160 15.330 0.8644 5.8450 3.3950 4.2660 5.7950
2 15.560 14.890 0.8823 5.7760 3.4080 4.9720 5.8470
2 15.380 14.660 0.8990 5.4770 3.4650 3.6000 5.4390
2 17.360 15.760 0.8785 6.1450 3.5740 3.5260 5.9710
2 15.570 15.150 0.8527 5.9200 3.2310 2.6400 5.8790
2 15.600 15.110 0.8580 5.8320 3.2860 2.7250 5.7520
2 16.230 15.180 0.8850 5.8720 3.4720 3.7690 5.9220
3 13.070 13.920 0.8480 5.4720 2.9940 5.3040 5.3950
3 13.320 13.940 0.8613 5.5410 3.0730 7.0350 5.4400
3 13.340 13.950 0.8620 5.3890 3.0740 5.9950 5.3070
3 12.220 13.320 0.8652 5.2240 2.9670 5.4690 5.2210
3 11.820 13.400 0.8274 5.3140 2.7770 4.4710 5.1780
3 11.210 13.130 0.8167 5.2790 2.6870 6.1690 5.2750
3 11.430 13.130 0.8335 5.1760 2.7190 2.2210 5.1320
3 12.490 13.460 0.8658 5.2670 2.9670 4.4210 5.0020
3 12.700 13.710 0.8491 5.3860 2.9110 3.2600 5.3160
3 10.790 12.930 0.8107 5.3170 2.6480 5.4620 5.1940
3 11.830 13.230 0.8496 5.2630 2.8400 5.1950 5.3070
3 12.010 13.520 0.8249 5.4050 2.7760 6.9920 5.2700
3 12.260 13.600 0.8333 5.4080 2.8330 4.7560 5.3600
3 11.180 13.040 0.8266 5.2200 2.6930 3.3320 5.0010
3 11.360 13.050 0.8382 5.1750 2.7550 4.0480 5.2630
3 11.190 13.050 0.8253 5.2500 2.6750 5.8130 5.2190
3 11.340 12.870 0.8596 5.0530 2.8490 3.3470 5.0030
3 12.130 13.730 0.8081 5.3940 2.7450 4.8250 5.2200
3 11.750 13.520 0.8082 5.4440 2.6780 4.3780 5.3100
3 11.490 13.220 0.8263 5.3040 2.6950 5.3880 5.3100
3 12.540 13.670 0.8425 5.4510 2.8790 3.0820 5.4910
3 12.020 13.330 0.8503 5.3500 2.8100 4.2710 5.3080
3 12.050 13.410 0.8416 5.2670 2.8470 4.9880 5.0460
3 12.550 13.570 0.8558 5.3330 2.9680 4.4190 5.1760
3 11.140 12.790 0.8558 5.0110 2.7940 6.3880 5.0490
3 12.100 13.150 0.8793 5.1050 2.9410 2.2010 5.0560
3 12.440 13.590 0.8462 5.3190 2.8970 4.9240 5.2700
3 12.150 13.450 0.8443 5.4170 2.8370 3.6380 5.3380
3 11.350 13.120 0.8291 5.1760 2.6680 4.3370 5.1320
3 11.240 000013 0.8359 5.0900 2.7150 3.5210 5.0880
3 11.020 000013 0.8189 5.3250 2.7010 6.7350 5.1630
3 11.550 13.100 0.8455 5.1670 2.8450 6.7150 4.9560
3 11.270 12.970 0.8419 5.0880 2.7630 4.3090 000005
3 11.400 13.080 0.8375 5.1360 2.7630 5.5880 5.0890
3 10.830 12.960 0.8099 5.2780 2.6410 5.1820 5.1850
3 10.800 12.570 0.8590 4.9810 2.8210 4.7730 5.0630
3 11.260 13.010 0.8355 5.1860 2.7100 5.3350 5.0920
3 10.740 12.730 0.8329 5.1450 2.6420 4.7020 4.9630
3 11.480 13.050 0.8473 5.1800 2.7580 5.8760 5.0020
3 12.210 13.470 0.8453 5.3570 2.8930 1.6610 5.1780
3 11.410 12.950 0.8560 5.0900 2.7750 4.9570 4.8250
3 12.460 13.410 0.8706 5.2360 3.0170 4.9870 5.1470
3 12.190 13.360 0.8579 5.2400 2.9090 4.8570 5.1580
3 11.650 13.070 0.8575 5.1080 2.8500 5.2090 5.1350
3 12.890 13.770 0.8541 5.4950 3.0260 6.1850 5.3160
3 11.560 13.310 0.8198 5.3630 2.6830 4.0620 5.1820
3 11.810 13.450 0.8198 5.4130 2.7160 4.8980 5.3520
3 10.910 12.800 0.8372 5.0880 2.6750 4.1790 4.9560
3 11.230 12.820 0.8594 5.0890 2.8210 7.5240 4.9570
3 10.590 12.410 0.8648 4.8990 2.7870 4.9750 4.7940
3 10.930 12.800 0.8390 5.0460 2.7170 5.3980 5.0450
3 11.270 12.860 0.8563 5.0910 2.8040 3.9850 5.0010
3 11.870 13.020 0.8795 5.1320 2.9530 3.5970 5.1320
3 10.820 12.830 0.8256 5.1800 2.6300 4.8530 5.0890
3 12.110 13.270 0.8639 5.2360 2.9750 4.1320 5.0120
3 12.800 13.470 0.8860 5.1600 3.1260 4.8730 4.9140
3 12.790 13.530 0.8786 5.2240 3.0540 5.4830 4.9580
3 13.370 13.780 0.8849 5.3200 3.1280 4.6700 5.0910
3 12.620 13.670 0.8481 5.4100 2.9110 3.3060 5.2310
3 12.760 13.380 0.8964 5.0730 3.1550 2.8280 4.8300
3 12.380 13.440 0.8609 5.2190 2.9890 5.4720 5.0450
3 12.670 13.320 0.8977 4.9840 3.1350 2.3000 4.7450
3 11.180 12.720 0.8680 5.0090 2.8100 4.0510 4.8280
3 12.700 13.410 0.8874 5.1830 3.0910 8.4560 000005
3 12.370 13.470 0.8567 5.2040 2.9600 3.9190 5.0010
3 12.190 13.200 0.8783 5.1370 2.9810 3.6310 4.8700
3 11.230 12.880 0.8511 5.1400 2.7950 4.3250 5.0030
3 13.200 13.660 0.8883 5.2360 3.2320 8.3150 5.0560
3 11.840 13.210 0.8521 5.1750 2.8360 3.5980 5.0440
3 12.300 13.340 0.8684 5.2430 2.9740 5.6370 5.0630